108.956
108.986
108.926
108.941
108.919
109.001
108.901
108.961
108.887
109.041
108.953
108.945
108.940
108.940
109.003
108.969
109.062
109.113
109.049
109.032
109.103
108.948
108.978
108.945
108.974
108.956
108.796
108.993
109.074
108.958
109.008
109.004
109.063
108.950
109.079
109.006
109.029
108.956
109.066
108.946
109.014
108.833
109.034
108.898
108.974
109.053
109.054
108.994
109.076
108.996
108.990
109.077
108.909
109.026
109.011
109.000
108.979
109.081
109.060
109.002
109.029
109.049
109.055
109.019
108.996
109.079
109.007
109.094
108.951
109.048
108.972
109.048
109.059
109.040
109.007
108.910
108.949
108.980
109.117
108.978
109.087
109.056
109.141
108.982
109.078
109.008
109.005
108.960
108.977
108.966
108.962
108.993
109.081
109.022
109.003
109.003
107.448
108.945
109.038
109.048
109.106
109.067
108.897
109.038
109.001
109.013
109.006
109.103
109.082
109.085
109.004
109.015
109.053
108.994
109.116
109.062
109.045
109.079
109.095
109.041
109.024
109.104
108.970
108.992
109.146
109.042
109.078
109.032
109.026
109.069
108.992
109.040
109.133
109.110
109.018
109.069
109.058
109.013
108.971
109.096
109.031
108.937
109.219
109.108
108.994
108.989
109.023
108.821
109.103
109.065
109.029
108.928
109.108
109.020
109.103
108.912
109.010
108.854
109.054
109.075
109.050
109.016
109.032
109.034
109.080
108.987
109.094
109.009
109.143
108.987
108.896
109.028
109.058
108.956
108.902
109.086
109.035
109.121
109.047
109.087
109.131
109.047
109.014
109.034
109.079
109.144
108.915
108.980
109.137
108.915
108.899
109.062
109.031
109.041
109.051
109.056
108.903
108.938
109.036
109.074
109.036
108.991
108.999
109.034
109.008
109.071
109.132
108.959
109.034
109.029
109.122
109.113
109.066
109.083
109.075
109.105
109.054
109.081
109.051
109.182
109.031
109.129
109.046
109.078
109.177
109.094
109.107
109.137
109.113
109.114
109.077
109.155
109.033
109.144
109.091
109.080
109.138
109.124
109.209
109.103
109.172
109.171
109.141
109.088
108.942
109.215
109.051
109.115
109.065
109.052
109.169
109.138
109.087
109.115
109.131
109.135
109.130
109.076
109.126
109.148
108.992
109.062
109.141
109.041
109.180
109.195
109.209
109.076
109.155
109.087
109.157
109.223
109.075
109.198
109.056
109.121
109.070
109.101
109.109
109.158
109.191
109.147
109.160
109.143
109.076
109.049
109.059
109.127
109.122
109.035
109.137
109.110
109.179
109.108
109.129
109.026
109.124
109.108
108.747
108.979
109.026
109.142
109.134
109.166
109.120
109.139
109.035
109.088
109.060
109.109
109.076
109.132
109.042
109.163
109.077
109.137
109.060
109.150
109.067
108.875
109.026
109.085
109.101
109.023
109.003
109.084
108.904
109.091
109.028
109.065
109.037
109.018
109.056
109.069
109.069
108.963
109.060
108.962
109.093
109.056
109.062
109.116
109.130
109.082
109.189
109.098
109.041
109.192
109.074
109.055
109.122
109.135
109.068
109.059
109.076
109.000
108.887
109.068
109.120
109.073
109.018
109.107
109.015
109.074
108.945
109.110
108.969
109.133
109.006
109.126
109.098
109.082
109.040
109.098
109.076
109.098
109.058
109.120
109.073
109.108
109.102
109.105
109.063
109.059
109.095
109.010
109.124
109.087
109.031
108.943
109.043
109.009
109.146
109.062
109.071
109.100
109.016
109.070
109.078
109.011
108.959
109.081
108.932
109.035
109.014
109.144
108.991
109.083
109.129
109.161
109.087
109.066
109.069
109.113
109.023
109.117
108.756
109.099
109.139
109.070
109.074
109.068
109.175
109.033
109.068
109.076
109.111
109.121
109.097
109.068
109.078
109.182
109.105
108.956
109.121
109.034
109.155
109.124
108.983
109.145
109.088
109.040
109.028
109.104
109.048
109.083
109.033
108.991
108.909
109.047
109.181
109.100
109.055
108.963
109.090
109.152
109.097
109.060
109.086
109.009
109.080
109.100
106.290
108.978
109.029
109.045
109.114
109.029
109.090
109.003
109.090
109.043
109.095
109.115
109.103
109.025
109.068
109.047
109.076
108.888
109.117
109.150
109.015
109.233
109.170
109.136
109.045
109.099
109.105
109.150
108.934
109.120
109.095
109.203
109.038
109.069
109.040
109.083
109.100
109.053
109.037
109.047
109.087
109.143
108.993
109.112
109.084
109.153
109.101
109.071
109.044
109.125
109.065
108.996
109.118
109.151
109.074
109.088
109.076
109.124
108.892
109.090
109.124
109.081
109.075
89.383
109.069
109.092
109.113
108.991
109.055
109.057
109.129
109.061
109.166
109.121
109.129
109.113
109.047
109.099
109.108
109.161
109.058
109.075
109.032
108.907
109.129
109.118
109.135
109.168
109.027
109.050
109.079
109.081
109.140
109.135
109.092
109.029
109.037
109.036
109.091
109.100
109.083
106.461
109.115
109.015
109.028
109.099
109.108
109.104
109.129
109.099
109.037
109.090
109.119
106.293
109.029
109.062
109.090
109.051
92.334
109.110
109.034
109.111
109.117
109.214
109.047
109.099
109.054
109.102
109.131
109.137
109.052
108.915
109.030
109.073
109.058
109.142
109.174
109.124
109.073
108.948
109.014
109.123
109.106
109.104
109.036
109.067
89.380
109.014
109.126
109.103
82.661
109.099
109.119
109.104
108.983
108.599
109.086
109.045
109.047
109.051
109.054
109.023
109.030
109.119
109.009
109.076
108.848
109.089
109.181
109.143
109.082
109.051
109.089
109.157
109.103
109.074
109.018
109.122
109.124
109.089
109.013
105.417
109.100
109.103
109.024
109.100
109.151
109.151
109.124
109.090
109.046
108.731
106.166
108.999
109.058
109.193
109.111
99.367
109.126
109.078
109.054
109.083
109.124
108.944
109.053
109.076
109.112
109.010
108.971
109.062
106.080
109.055
109.094
109.044
109.063
109.091
109.036
109.109
109.142
109.109
109.074
109.101
109.173
109.062
109.023
109.057
109.077
109.059
109.124
109.024
109.109
109.071
109.140
108.556
108.996
109.040
109.136
109.102
109.067
108.975
108.919
109.053
109.057
108.975
108.967
109.102
109.041
109.142
109.090
109.107
109.003
109.090
109.071
89.325
109.102
109.074
109.131
109.089
109.171
109.092
108.923
109.113
109.024
109.112
108.974
109.015
109.089
109.026
109.053
109.129
109.054
108.965
109.062
108.926
109.021
109.017
108.877
109.027
108.887
108.990
108.958
109.170
109.096
109.145
109.080
109.076
109.092
88.477
109.036
109.052
109.030
108.095
109.102
109.115
109.123
109.034
109.024
109.005
109.099
109.009
109.084
109.123
109.096
109.099
108.978
109.090
109.145
109.010
109.090
106.200
109.090
109.110
109.107
109.046
109.101
109.087
109.109
109.056
109.068
109.107
109.089
109.017
109.058
109.190
109.121
109.152
109.126
109.157
109.113
109.113
109.048
109.050
109.145
109.129
109.010
109.070
109.113
109.116
108.915
109.095
109.109
109.105
109.140
109.157
109.084
109.185
109.051
109.075
109.185
109.089
109.137
109.079
109.119
109.169
109.051
109.099
109.130
109.065
92.408
109.148
109.066
109.114
109.097
109.154
109.110
109.110
109.116
109.153
109.045
109.088
109.064
109.170
109.115
109.123
109.199
108.981
109.193
109.210
109.036
109.079
109.186
109.107
109.133
109.092
109.082
109.252
109.156
109.061
109.153
109.018
109.132
109.075
109.062
109.020
109.208
109.149
109.036
109.066
109.104
109.095
109.098
109.092
109.040
109.145
109.120
109.082
109.093
109.181
109.066
109.097
109.085
109.202
109.158
109.107
109.065
109.112
109.021
109.047
109.064
109.083
109.165
109.179
108.946
109.139
109.149
109.142
109.119
109.070
109.208
109.107
109.051
109.082
109.086
109.024
109.165
109.092
109.151
109.116
95.585
109.114
109.071
109.148
109.106
109.201
109.025
109.114
109.128
109.100
109.115
109.137
99.782
108.927
109.194
109.101
109.156
108.387
109.217
109.000
109.170
109.173
106.113
109.129
109.186
109.095
109.168
109.157
109.187
105.725
107.771
109.145
109.159
109.172
109.169
109.163
109.146
109.162
109.255
109.171
109.098
109.084
109.189
109.202
109.212
109.148
109.136
109.173
109.066
109.190
109.192
109.143
109.087
103.462
109.136
109.181
109.229
109.201
109.176
109.142
109.206
109.051
109.062
109.250
109.278
109.251
109.227
80.850
107.738
109.283
109.186
109.111
109.254
109.148
109.251
109.193
109.244
109.242
109.091
109.194
109.189
109.218
109.287
109.138
109.162
109.129
109.178
109.278
109.158
109.196
109.112
109.200
109.112
109.204
109.182
109.197
109.204
109.231
109.054
109.107
109.218
109.147
109.194
109.273
109.118
109.015
101.768
109.216
109.204
109.176
96.434
109.149
109.149
109.208
109.210
109.228
109.260
106.387
109.208
109.136
109.178
109.033
109.189
109.217
109.218
109.203
109.261
109.148
109.193
109.218
109.087
109.064
103.848
109.286
109.241
109.234
109.195
109.226
109.226
109.212
109.115
109.177
100.740
109.106
109.137
109.156
109.151
109.206
109.239
109.161
109.285
109.297
109.198
109.155
109.235
109.157
109.250
109.223
109.278
109.058
109.247
109.106
109.206
109.250
109.286
109.180
109.191
109.219
109.118
109.128
109.197
109.262
109.192
109.151
107.957
109.114
109.200
109.220
109.182
109.223
109.171
109.152
109.120
109.192
109.190
109.157
109.166
109.216
109.173
108.696
109.107
109.161
109.234
109.169
109.225
109.267
109.186
109.225
109.174
109.178
109.104
109.231
109.252
109.116
109.212
109.163
109.113
109.249
109.237
109.218
109.210
109.218
109.262
109.178
109.194
109.097
109.075
109.315
109.271
109.249
109.236
109.217
109.258
109.165
109.234
109.251
109.244
109.239
109.214
109.176
109.232
109.197
109.200
109.255
109.176
109.152
109.240
109.178
109.071
109.204
109.211
109.272
109.219
109.300
109.192
109.194
109.239
109.230
109.253
109.157
109.196
109.141
109.139
109.182
109.155
109.133
109.154
109.257
109.202
109.233
109.206
109.285
109.249
109.213
109.221
109.194
109.220
109.253
109.230
109.226
109.199
109.244
109.258
109.215
109.211
109.083
109.128
109.244
109.139
109.162
109.208
109.109
109.199
109.151
109.230
109.133
109.199
109.067
109.199
109.191
109.209
109.229
109.187
108.996
109.064
109.136
109.064
108.997
109.125
109.064
109.182
109.016
109.145
109.074
109.115
109.151
109.068
109.085
109.138
109.110
109.152
109.128
109.117
109.134
109.196
109.104
109.096
109.185
109.125
109.107
109.115
109.145
109.064
109.091
109.125
109.153
109.158
109.061
109.078
109.141
109.176
109.122
109.053
109.114
109.204
109.127
109.128
109.040
109.142
109.102
109.132
109.099
109.078
109.212
109.127
109.149
109.062
109.121
109.133
109.082
109.147
109.156
109.159
109.105
109.093
109.170
109.184
109.117
109.146
109.070
109.117
109.101
109.136
109.109
109.196
109.027
109.154
109.028
109.115
109.194
109.103
109.156
109.068
109.063
109.158
109.146
109.047
109.103
109.136
109.081
109.182
109.134
109.161
109.098
109.121
109.096
109.156
109.218
109.103
109.117
109.096
109.043
109.205
109.024
109.080
109.143
109.111
108.996
109.122
109.048
109.095
109.189
109.126
109.096
109.076
109.160
109.071
109.090
109.121
109.019
109.101
108.999
109.123
109.103
109.158
109.133
108.982
109.182
109.095
109.015
109.129
109.134
109.088
109.061
109.106
109.066
109.165
109.085
109.079
109.120
109.084
108.992
109.074
109.142
109.165
109.150
109.161
109.177
109.223
109.134
109.129
109.094
109.017
109.090
109.130
109.074
109.060
109.127
109.044
109.108
109.116
109.067
109.158
109.061
103.117
109.138
109.061
109.198
108.956
109.147
108.984
109.115
109.032
109.134
108.563
109.091
109.185
109.133
109.157
109.029
109.062
109.014
109.090
109.123
109.033
108.990
109.125
109.166
109.078
109.099
109.113
109.093
109.032
109.028
109.014
109.127
109.133
109.096
109.136
109.057
108.979
109.118
109.200
109.140
109.118
109.147
109.096
109.121
109.010
108.981
109.099
109.085
108.949
109.112
109.118
109.119
109.089
109.166
109.098
109.121
109.109
109.059
109.105
109.154
109.120
109.125
109.118
109.102
109.031
109.086
109.098
109.146
109.099
109.065
109.192
109.154
109.182
109.131
109.166
109.160
109.007
109.092
109.168
109.139
109.106
109.164
109.115
109.059
109.150
109.175
109.047
109.096
109.046
109.111
109.117
109.105
109.101
109.075
109.199
109.076
109.152
109.125
109.106
109.160
109.110
109.006
109.034
109.105
109.032
109.041
109.067
109.119
109.036
109.114
109.157
109.088
109.056
109.058
109.181
109.062
109.114
109.041
109.202
109.035
109.055
109.062
109.030
109.145
109.149
109.059
109.041
109.168
109.042
108.941
109.087
109.082
109.019
109.098
108.977
109.096
109.075
109.098
109.194
109.162
109.084
109.000
109.018
109.083
109.078
109.043
109.057
108.965
109.037
109.150
109.087
109.041
109.119
109.101
109.107
109.131
109.137
109.043
109.130
108.895
109.065
109.033
109.098
109.154
109.029
109.061
109.053
109.005
109.043
109.041
109.129
109.041
109.133
108.854
109.125
109.054
109.127
109.118
108.873
109.122
109.086
109.038
108.975
109.103
109.099
109.022
109.171
109.160
109.167
109.056
109.165
109.187
109.108
108.962
109.184
108.990
109.069
109.039
108.801
109.024
109.037
109.137
109.084
109.085
109.013
109.166
109.060
109.081
109.086
109.059
109.059
109.110
109.093
109.103
109.017
109.224
109.101
87.336
109.121
109.068
109.077
109.116
109.064
109.132
109.100
109.054
109.166
109.004
109.082
109.065
108.987
109.112
108.971
109.106
109.050
109.114
109.139
109.119
109.045
109.073
109.170
109.146
109.185
109.182
109.081
109.085
109.056
108.947
109.069
109.083
109.126
109.050
109.132
109.123
109.098
109.047
108.997
102.823
108.961
109.158
109.010
109.157
109.002
109.057
109.127
109.089
109.121
109.063
109.112
109.094
109.071
109.092
109.168
109.149
109.091
109.096
109.012
109.078
109.120
109.087
109.164
109.132
108.991
109.122
109.152
109.115
109.071
108.946
108.994
109.096
109.052
109.055
109.078
109.105
108.946
108.966
109.067
109.054
109.174
109.160
109.163
109.069
109.025
109.083
109.095
109.129
109.161
109.122
109.073
109.155
109.144
109.101
109.127
109.103
109.137
109.139
109.133
109.128
109.069
109.129
109.175
109.148
109.142
109.132
109.036
108.894
109.099
109.035
109.127
109.078
109.120
109.180
109.045
109.128
109.233
109.220
109.130
109.011
109.087
109.092
109.145
109.109
109.101
109.121
109.142
109.170
109.083
109.163
109.122
109.002
109.161
109.091
109.067
109.169
109.042
109.146
109.163
109.114
109.018
109.148
109.082
109.143
109.069
109.111
109.130
109.050
109.103
109.099
109.211
98.392
109.137
109.132
109.135
109.112
109.093
109.115
109.107
107.803
109.140
109.136
109.115
109.007
109.044
109.084
109.195
109.159
109.104
109.160
109.080
109.188
109.135
109.070
109.094
109.125
109.041
109.094
109.060
109.130
109.102
109.127
109.093
109.129
109.160
109.185
109.101
109.112
99.254
109.111
109.134
109.230
109.148
109.148
109.152
109.130
109.075
109.085
109.137
109.093
109.090
109.189
109.164
109.185
109.121
109.157
107.785
109.174
109.067
109.186
109.013
109.028
109.023
109.041
109.100
109.205
109.116
109.079
109.109
109.064
109.099
109.030
92.617
109.155
109.174
109.178
109.075
109.109
109.085
101.954
109.168
109.119
109.109
109.146
109.188
109.209
106.644
109.124
109.036
109.115
109.091
108.958
109.138
109.130
109.106
109.158
105.782
109.103
109.060
109.020
109.101
108.980
109.177
109.030
109.016
109.148
108.896
109.130
109.077
106.396
109.181
109.126
109.043
109.150
109.094
109.144
109.010
98.358
109.125
98.323
109.054
109.060
109.056
109.074
109.167
109.094
109.150
109.010
109.114
108.920
109.077
109.080
109.175
109.127
109.168
109.180
109.204
109.019
109.008
109.127
109.053
109.187
109.100
109.122
109.117
107.248
109.113
109.213
109.120
109.089
109.112
109.182
109.111
109.055
109.133
109.154
109.105
109.124
109.054
109.112
109.156
109.106
109.186
109.083
109.123
109.164
109.126
109.104
109.184
109.093
109.136
109.126
109.090
99.306
109.180
109.124
109.138
109.150
109.131
109.054
108.973
109.125
109.176
109.075
109.106
109.152
109.107
109.017
108.956
108.993
109.212
109.113
109.187
109.133
109.177
109.084
109.164
109.146
109.227
109.115
109.107
109.197
95.126
109.137
109.071
109.092
109.159
109.176
107.277
109.139
109.069
109.187
109.055
109.090
109.138
105.138
109.175
109.111
109.115
109.144
109.136
109.224
109.179
109.185
109.095
109.191
109.164
109.042
109.080
109.138
109.041
109.210
109.031
109.173
109.168
109.140
109.123
109.163
109.137
109.105
109.169
109.135
109.102
109.196
109.217
109.192
109.120
109.013
109.181
95.134
109.205
109.175
109.193
109.198
109.051
109.247
109.139
109.156
109.165
109.101
109.177
109.181
109.108
109.051
109.056
109.025
109.137
109.151
109.085
106.476
109.099
109.189
109.099
109.186
109.138
109.125
109.170
109.043
109.087
109.187
109.148
109.245
109.183
109.102
109.134
106.304
109.177
109.151
109.134
109.121
108.965
109.126
109.108
109.215
109.137
109.137
97.495
100.314
109.076
109.181
109.164
109.188
109.133
109.168
109.103
109.184
109.121
109.079
98.139
109.042
109.157
109.162
109.088
109.147
109.147
109.140
109.147
109.118
109.135
105.171
109.121
109.170
109.164
109.142
109.140
109.155
109.118
109.184
109.198
109.189
109.119
109.200
109.121
109.081
109.174
109.160
109.060
109.143
109.189
109.063
109.134
109.131
109.146
109.150
109.163
109.206
109.124
109.265
99.768
109.108
109.126
109.042
109.214
109.099
108.951
109.124
109.112
109.125
109.230
106.710
109.099
109.139
109.167
109.208
109.176
109.034
109.153
106.798
109.245
109.212
105.528
109.204
109.109
109.208
109.090
109.078
109.255
109.230
109.157
102.309
109.114
109.134
108.966
109.233
109.022
109.074
109.151
109.149
109.128
109.110
109.144
109.089
109.155
109.180
109.143
109.140
109.124
109.182
109.146
109.089
109.173
108.839
109.084
109.145
98.437
106.951
109.066
109.147
109.210
109.124
109.018
109.160
109.084
109.154
109.101
109.102
109.207
109.123
109.103
109.123
109.186
109.229
109.225
109.165
109.079
109.197
109.160
109.096
109.105
109.115
109.010
109.140
109.149
109.120
109.202
109.163
109.117
108.915
109.150
109.065
109.082
109.140
109.054
109.129
106.187
109.164
109.146
109.059
109.094
109.086
109.210
109.148
109.118
109.185
109.169
109.124
109.038
109.104
100.425
109.150
109.094
109.120
109.200
109.126
109.119
109.176
109.094
109.169
109.165
109.068
109.043
109.115
109.176
109.093
109.103
109.102
109.113
109.218
109.092
109.070
109.118
109.170
109.142
109.183
109.158
109.054
109.132
109.186
109.030
109.243
109.115
109.139
108.986
109.151
109.127
109.098
100.592
109.183
109.113
109.002
109.194
109.034
109.131
109.221
109.072
109.090
109.155
109.106
109.099
109.066
109.089
109.041
91.218
109.187
109.121
109.121
109.209
109.089
109.102
109.112
109.053
109.129
109.143
109.078
109.101
109.233
108.982
109.105
109.226
109.119
109.152
109.114
109.162
109.133
109.111
109.084
109.122
109.211
106.377
109.125
109.142
109.153
108.967
109.121
109.035
109.144
101.210
109.179
109.182
109.022
109.222
109.114
109.089
109.083
109.128
106.496
109.116
109.150
109.119
108.981
109.119
109.116
109.147
109.197
109.153
109.068
87.444
109.198
109.240
109.107
109.143
109.128
109.136
109.082
109.219
109.183
108.929
109.211
109.115
109.093
109.068
109.151
109.156
109.002
109.204
109.142
109.139
109.165
109.139
109.108
109.164
109.097
109.228
109.222
109.094
109.144
109.032
109.174
109.231
109.005
109.120
109.098
109.129
109.187
109.119
109.146
109.189
109.092
109.267
109.144
109.100
109.139
109.143
109.099
109.168
109.147
109.114
109.153
109.205
109.185
109.192
109.145
109.087
109.137
109.167
109.087
109.141
109.134
109.141
109.170
109.159
109.180
109.138
109.120
109.128
109.137
109.127
109.126
109.141
109.179
109.152
109.180
109.155
109.209
109.155
109.209
108.778
108.986
109.026
109.206
109.054
109.142
109.177
109.131
109.154
109.152
109.119
109.201
109.093
109.185
109.143
109.131
109.196
109.170
109.105
109.101
109.057
109.166
109.071
109.059
109.109
109.170
109.074
109.060
108.964
109.166
109.129
109.166
109.139
109.193
109.209
109.212
109.059
109.154
109.175
109.130
109.108
109.087
109.113
109.066
109.209
109.247
109.176
109.173
109.116
109.153
109.145
109.229
109.212
109.139
109.120
109.099
109.199
109.135
109.144
109.002
109.228
109.230
109.130
109.171
109.178
109.098
109.036
109.164
109.155
109.187
109.140
109.159
109.179
109.205
109.205
109.126
109.194
109.215
109.151
109.169
109.236
109.227
109.065
108.966
109.134
109.156
109.169
109.196
109.222
109.259
109.198
109.163
109.209
109.158
109.168
109.138
109.150
109.236
109.149
109.295
109.156
109.243
109.230
109.232
109.215
109.205
109.228
109.225
109.139
109.149
109.217
109.265
109.145
109.220
109.205
109.275
109.271
109.225
109.138
109.243
109.249
109.295
109.275
109.219
109.191
109.275
109.149
109.154
109.227
109.186
109.268
109.191
109.249
109.195
109.191
109.219
109.210
109.025
109.146
109.221
109.131
109.132
109.135
109.261
109.158
109.163
109.206
109.184
109.238
109.296
109.179
109.079
109.170
109.154
109.163
109.220
109.253
109.158
109.181
109.203
109.205
109.193
109.276
109.159
109.119
109.244
109.236
109.236
109.253
109.206
109.226
109.262
109.207
109.032
109.190
109.237
109.211
109.156
109.215
109.104
109.188
109.228
109.181
109.247
109.171
109.263
109.145
108.319
109.250
109.287
109.209
109.180
109.175
109.220
109.035
109.216
109.284
109.284
109.152
109.245
109.268
109.144
109.183
109.222
109.195
109.226
109.216
109.130
109.191
109.234
109.141
109.253
109.166
109.219
109.244
109.181
109.261
109.296
109.237
109.270
109.134
109.131
109.293
109.238
109.261
109.276
109.290
109.239
109.287
109.151
109.010
83.335
109.285
109.243
109.317
109.153
109.216
109.211
109.186
109.289
109.271
109.192
109.250
109.267
109.189
109.039
109.257
109.228
109.284
109.224
109.187
109.246
109.215
109.205
109.216
109.218
109.268
109.218
109.285
109.255
109.243
109.232
109.258
109.305
109.266
109.278
109.237
109.164
109.192
109.231
109.176
109.262
109.157
109.143
109.299
109.260
109.253
109.231
109.225
109.089
109.199
109.185
109.132
109.278
109.214
109.204
109.184
109.152
109.215
109.192
109.183
109.211
109.191
109.012
109.152
109.214
109.250
109.206
109.277
109.207
109.225
109.214
109.137
109.285
109.174
109.274
109.199
109.212
109.156
109.279
109.182
96.706
109.240
109.246
109.145
109.246
108.987
109.192
109.198
109.176
109.162
109.104
109.203
109.248
109.231
109.315
109.227
109.274
109.201
109.156
109.347
109.266
109.244
109.297
109.147
109.201
109.226
109.138
109.239
109.208
109.223
109.224
109.142
109.227
109.167
109.281
109.107
109.080
109.157
109.380
109.221
109.170
109.325
109.217
109.257
109.173
109.224
99.973
109.294
109.206
109.229
109.199
109.263
109.193
99.723
109.216
109.030
109.198
109.223
109.046
109.177
109.142
109.198
109.251
109.227
109.193
109.216
109.193
109.145
109.209
109.170
109.109
109.203
109.125
109.288
109.163
109.245
109.171
109.210
109.189
109.229
109.188
109.266
109.171
109.103
109.238
109.210
109.267
109.223
109.251
109.214
109.232
109.228
109.234
109.241
109.104
109.213
109.215
109.200
109.091
109.137
109.276
109.272
109.273
109.265
109.199
109.162
109.176
109.220
109.259
108.952
108.980
109.194
109.213
109.242
109.120
109.251
109.182
109.177
109.173
109.249
109.298
109.279
109.232
109.244
109.157
109.201
109.215
109.244
109.243
109.206
109.148
109.231
109.274
109.149
109.170
109.197
109.129
109.212
109.172
109.277
109.282
109.137
109.231
109.245
109.192
109.213
109.232
109.261
109.228
109.265
109.240
109.012
109.278
109.206
109.258
109.209
109.051
109.259
109.197
109.217
109.303
109.197
109.154
109.180
109.311
109.178
109.306
109.186
109.163
109.238
109.253
109.344
109.216
109.188
109.227
109.283
109.137
109.252
109.168
109.324
109.219
109.221
109.175
109.328
109.210
109.187
109.038
109.168
109.079
109.223
109.284
109.257
109.178
109.158
109.230
109.143
109.226
109.256
109.283
109.201
109.322
109.240
109.204
109.198
109.248
109.327
109.226
109.231
109.203
109.209
109.210
109.084
109.247
109.239
109.174
109.326
109.207
109.207
109.281
109.285
109.131
109.190
109.211
109.316
109.246
109.169
109.218
109.250
109.221
107.983
109.290
109.177
109.204
109.256
109.239
109.028
109.271
109.166
109.144
109.232
109.146
109.191
109.235
109.196
109.253
109.275
109.187
109.330
109.264
109.250
109.264
109.237
108.773
109.204
109.305
105.703
109.255
109.181
109.284
98.076
109.151
109.259
109.234
109.161
109.155
109.231
109.205
109.209
109.283
109.223
92.247
109.146
109.164
109.315
109.112
109.202
109.243
109.194
109.159
109.252
109.230
109.242
99.085
109.090
109.239
109.238
109.203
109.173
109.219
109.221
109.088
109.211
109.211
109.233
109.221
109.207
109.191
109.263
109.207
109.118
109.256
109.240
108.730
109.218
109.193
89.050
109.188
109.193
109.249
109.195
109.159
109.258
109.210
109.254
109.181
109.238
109.270
109.247
109.201
109.271
109.247
108.399
109.220
109.242
109.148
109.183
109.227
109.206
109.246
109.184
109.267
109.153
109.128
109.192
109.342
109.078
105.939
109.227
109.254
109.226
109.155
109.311
109.251
109.210
109.190
109.226
109.144
109.166
109.172
109.238
109.317
109.287
109.277
109.209
109.254
106.248
109.122
109.170
109.139
109.276
109.231
109.167
109.290
109.161
109.201
109.259
109.172
109.156
109.202
109.208
109.247
109.251
109.046
109.046
109.145
109.203
100.075
109.164
109.200
109.167
109.252
109.176
109.223
109.254
109.140
101.260
109.204
109.230
109.242
109.285
109.199
109.233
106.965
109.142
109.231
109.225
109.230
109.267
87.006
109.208
109.167
109.282
109.211
109.192
109.247
109.170
109.197
109.269
98.704
109.199
109.204
109.195
109.206
109.262
109.262
109.262
109.221
109.215
109.219
109.281
109.208
109.196
109.179
109.191
109.253
109.292
109.280
109.282
109.091
109.153
109.187
109.214
109.262
109.299
109.159
109.240
109.283
109.235
109.190
109.260
109.103
109.202
109.179
109.276
109.270
109.227
109.190
109.256
109.143
109.205
109.193
109.260
109.252
109.302
109.240
109.198
109.260
109.310
109.207
109.180
103.156
107.971
109.304
109.344
109.218
109.269
109.253
109.291
109.274
109.168
109.200
109.230
109.259
109.275
100.795
109.192
109.177
109.176
102.987
109.180
109.328
109.217
109.288
109.255
109.283
109.079
109.224
109.218
109.234
109.209
109.271
109.246
109.206
109.242
109.259
109.281
109.189
109.182
109.213
109.200
109.230
109.368
109.158
109.229
109.218
109.230
109.242
109.289
109.224
109.202
106.409
109.163
104.412
108.548
109.219
109.188
109.180
109.193
109.145
109.179
109.179
108.262
109.222
109.218
94.855
109.334
109.172
109.277
109.186
109.252
99.000
109.151
109.240
109.297
109.259
109.268
109.294
108.559
109.207
109.255
109.250
109.220
109.207
109.221
109.173
109.247
108.995
109.192
109.260
109.263
109.186
109.261
109.195
109.254
109.226
108.673
109.189
109.187
109.130
109.219
109.238
109.186
109.197
109.182
109.225
109.205
109.254
109.197
109.159
109.144
109.271
109.201
109.167
109.242
109.208
109.235
109.181
109.256
109.211
109.252
109.208
109.284
109.237
109.284
109.232
109.202
109.232
109.244
109.251
109.232
109.235
106.194
109.296
109.286
109.238
109.152
109.169
109.283
109.185
109.229
109.302
109.205
109.172
109.235
106.221
109.191
109.123
109.098
109.222
109.322
109.211
109.275
109.094
109.249
109.004
109.316
109.293
109.242
109.008
109.271
109.188
109.225
109.268
109.269
109.138
109.232
109.265
106.466
109.324
109.198
109.072
109.074
109.211
109.207
109.201
109.263
109.324
109.179
109.341
109.338
109.258
109.264
109.266
109.167
109.244
109.209
109.253
109.260
109.235
109.266
97.313
109.210
105.325
109.112
109.184
109.154
109.300
108.975
109.285
109.044
109.257
109.292
109.172
109.218
109.242
109.245
109.218
109.251
109.124
109.230
109.266
109.261
109.243
109.240
109.198
109.274
109.263
109.253
109.183
109.304
109.277
109.062
109.229
106.955
109.143
109.303
109.133
109.171
109.289
109.252
109.075
109.209
99.467
109.223
109.207
109.165
109.276
109.154
109.312
109.246
109.288
109.224
109.237
109.247
109.336
109.256
109.139
109.238
109.214
109.227
109.195
109.113
109.183
109.247
109.206
109.219
109.266
109.170
109.242
106.387
109.260
109.178
109.285
109.252
109.247
109.259
109.240
109.223
109.233
109.229
109.219
109.241
108.413
109.318
109.359
109.229
109.328
109.326
109.279
109.310
109.222
105.383
109.221
109.245
109.263
109.232
109.269
109.237
109.263
106.261
109.260
109.246
109.249
109.233
109.285
109.213
109.102
109.256
109.294
109.276
109.181
109.230
109.251
109.110
109.262
109.237
107.591
109.249
109.242
109.209
109.211
109.098
109.252
109.257
109.226
109.103
109.210
109.306
109.264
109.179
109.232
103.767
109.216
109.234
109.279
109.202
109.210
109.341
109.124
109.229
109.163
106.340
105.403
109.254
109.268
109.261
109.201
109.277
109.176
109.212
109.183
109.288
109.279
109.303
109.233
109.260
109.156
109.232
109.232
109.288
109.137
109.253
109.256
109.291
109.159
109.187
109.221
109.234
109.111
109.129
109.212
109.224
109.173
109.238
109.197
109.298
109.295
109.208
109.230
102.688
109.244
109.191
109.160
109.060
109.286
109.226
109.298
109.248
92.447
109.236
109.200
109.246
109.292
98.792
105.953
109.286
109.226
109.232
109.268
109.171
109.250
109.104
109.295
109.273
109.265
109.171
109.244
108.816
109.187
109.198
109.220
109.264
109.143
109.158
109.183
109.174
109.216
109.206
109.209
109.174
109.244
109.275
109.086
109.176
109.267
109.194
109.210
109.290
109.152
109.161
109.215
109.096
109.177
109.153
109.193
109.243
109.221
109.146
109.249
109.235
109.217
109.145
109.240
109.271
109.198
109.279
109.193
109.275
109.212
109.283
109.201
109.237
109.266
109.242
109.222
109.227
109.230
109.182
109.266
109.307
109.274
109.235
109.158
109.193
109.152
109.118
109.089
109.148
109.131
109.122
108.983
109.144
109.154
109.219
109.162
109.170
109.231
109.204
107.474
109.204
109.164
109.240
109.233
109.128
109.276
109.241
109.164
109.203
109.173
109.104
109.029
96.224
109.155
109.211
109.151
109.102
109.223
109.128
109.167
109.157
109.254
109.083
109.237
107.458
105.963
106.281
109.086
109.129
109.077
109.184
109.133
109.185
109.234
109.151
109.209
109.186
109.179
109.182
106.926
109.219
109.215
109.215
109.274
109.184
109.193
109.192
109.178
109.002
105.665
109.184
109.238
102.880
109.061
109.122
109.161
109.254
109.171
109.151
107.365
109.123
109.177
109.182
109.177
109.230
109.186
109.121
109.130
109.208
109.029
109.194
109.138
109.255
109.056
109.210
109.231
109.150
109.105
109.172
109.112
109.105
109.218
109.152
109.177
106.518
109.126
109.214
108.966
109.245
109.062
107.387
99.176
109.153
109.221
109.168
109.157
108.992
109.164
107.660
107.170
98.625
109.259
109.186
109.164
109.171
98.640
109.219
109.221
109.155
108.913
109.055
109.158
109.181
109.157
109.238
109.159
109.103
107.458
109.172
109.094
109.200
109.053
109.221
109.303
109.047
106.949
109.190
109.092
109.165
109.148
109.261
109.176
109.178
109.213
109.211
108.903
106.216
109.210
109.127
109.275
109.130
109.196
102.276
109.226
109.069
109.114
109.199
109.094
109.150
109.199
107.024
109.081
109.142
109.278
109.137
109.229
109.119
109.186
109.144
109.147
109.156
109.246
109.136
109.241
109.198
107.010
109.186
109.276
109.221
109.107
109.203
106.994
108.900
109.228
109.091
109.211
109.203
109.185
109.156
109.198
109.238
109.170
109.138
106.865
109.327
109.220
109.161
109.150
109.114
94.836
109.116
107.283
109.233
109.141
107.228
109.216
109.176
109.152
109.203
109.108
102.890
109.222
109.157
109.170
107.164
106.959
109.125
109.055
100.659
107.255
109.256
94.929
109.211
109.205
109.198
109.205
109.174
109.082
109.260
99.103
109.093
109.211
109.029
106.149
93.113
109.252
109.204
109.096
109.048
109.121
109.214
109.179
109.257
109.107
109.148
90.225
109.150
107.030
109.114
109.062
109.126
109.236
104.786
109.135
109.247
109.101
109.164
109.262
109.174
109.239
97.055
109.206
109.193
109.152
109.226
109.154
109.151
109.269
91.981
100.700
109.066
109.177
109.203
109.233
107.307
109.121
109.189
109.121
109.117
109.094
109.122
109.163
109.169
109.103
109.153
109.201
109.263
109.189
109.151
109.129
109.260
109.153
109.135
109.215
109.238
109.107
109.009
109.161
109.167
109.237
109.162
109.321
106.210
109.140
109.185
109.207
106.962
109.132
109.223
109.125
109.164
109.148
106.976
109.060
109.174
109.251
109.164
106.503
109.199
98.559
109.233
109.205
109.068
109.238
107.191
106.977
109.140
109.186
109.250
109.120
109.248
109.201
106.688
109.204
109.137
109.279
109.265
105.399
109.102
99.284
109.119
109.187
109.225
109.130
109.206
108.537
109.084
109.161
109.197
109.200
109.075
109.110
109.124
105.235
109.113
109.030
109.251
104.347
109.252
109.091
105.390
107.334
109.141
109.208
109.251
109.252
109.182
109.091
109.042
109.225
109.135
109.177
109.065
109.177
109.277
109.127
109.163
109.256
109.180
109.213
103.404
109.226
107.344
109.202
109.165
109.151
96.116
97.732
109.291
109.187
109.196
109.228
109.165
109.204
109.200
109.215
109.209
109.173
109.181
109.216
109.164
109.194
107.290
109.168
109.239
109.220
109.155
109.197
109.194
107.233
107.268
109.177
109.206
109.080
109.235
109.204
109.199
109.215
109.161
109.209
109.149
109.212
99.689
109.171
104.387
109.264
109.210
109.243
109.208
109.154
100.285
109.032
109.160
109.134
109.165
109.124
109.113
109.127
101.110
109.114
92.847
109.159
109.065
109.042
109.205
109.184
109.167
101.991
91.814
109.196
109.185
109.177
107.030
109.129
109.170
109.242
107.157
109.063
109.050
109.106
108.917
109.023
108.971
103.926
109.188
109.119
109.058
109.063
109.264
109.252
109.182
109.267
109.198
109.216
109.077
109.192
98.328
109.151
109.030
109.158
109.243
109.227
109.296
109.213
109.157
109.178
109.202
106.858
105.425
109.166
109.182
109.082
109.153
109.151
109.235
109.226
108.964
109.124
109.091
109.229
109.173
107.087
109.283
109.085
109.110
109.135
109.214
109.196
109.209
109.276
105.934
107.200
109.156
109.258
109.200
109.094
109.260
95.503
109.204
109.142
109.216
109.175
97.109
97.109
109.151
109.132
109.059
109.163
109.246
109.207
109.116
109.131
109.140
106.689
109.174
109.139
109.207
109.127
107.374
109.147
109.201
109.033
109.114
109.133
109.217
102.525
109.219
107.326
109.190
109.168
109.088
109.181
109.153
109.112
109.282
108.619
109.094
109.071
109.255
107.364
109.122
109.190
109.189
109.247
109.150
109.087
109.258
109.258
92.916
109.121
109.214
109.122
109.193
109.212
109.091
109.144
109.144
109.144
109.267
108.726
109.196
109.109
109.161
109.136
101.210
109.172
109.141
109.090
109.185
109.219
109.219
104.013
104.013
104.013
109.189
109.189
109.121
109.121
109.234
109.162
109.196
109.277
109.258
109.312
109.252
109.138
109.229
109.222
109.099
108.972
109.156
109.179
109.161
107.540
109.207
109.178
109.137
109.209
109.209
109.292
109.149
109.174
109.201
109.217
109.245
109.206
109.188
107.899
109.066
109.196
109.123
109.155
109.209
109.142
109.116
109.089
109.079
109.246
106.591
109.215
108.832
109.185
109.189
108.998
109.028
109.145
109.161
109.235
109.184
109.213
109.200
109.226
109.182
109.182
109.144
109.160
109.227
109.227
109.134
102.059
102.059
109.075
109.124
109.083
109.178
109.251
109.223
109.185
109.245
107.504
109.220
109.193
109.214
109.214
109.145
109.248
109.248
107.503
109.229
109.151
109.203
109.086
109.188
107.535
95.965
107.361
109.084
109.084
104.833
104.833
109.146
107.398
107.398
109.122
109.190
108.323
109.208
109.208
109.208
109.208
107.186
109.244
109.147
109.121
109.145
109.164
107.892
91.753
100.413
109.189
106.018
109.160
100.889
109.232
109.194
109.175
109.171
109.039
109.163
109.239
109.071
109.228
109.263
109.218
109.156
93.594
106.107
102.487
109.174
109.179
109.240
109.219
109.054
108.594
108.715
109.203
109.200
109.207
109.170
109.178
107.532
109.213
109.017
109.132
109.184
109.204
109.155
109.164
103.994
109.096
109.236
109.190
109.158
109.116
109.242
109.193
109.166
109.186
109.189
109.206
109.125
109.242
109.155
109.240
109.142
109.188
109.068
109.128
108.465
109.127
109.132
109.223
109.212
109.146
109.118
109.095
109.143
109.143
95.306
109.186
109.191
109.123
109.251
109.179
94.715
109.115
109.115
109.072
109.161
109.176
108.961
109.117
106.530
107.154
108.990
108.005
109.228
109.258
109.130
109.259
109.158
109.154
109.176
109.096
109.148
109.129
108.145
109.158
94.567
109.117
109.156
109.143
109.124
109.201
109.158
109.118
109.222
109.241
109.223
109.243
109.232
109.226
109.195
109.195
109.165
109.189
109.237
109.276
109.094
101.358
109.123
109.143
109.266
93.400
93.400
109.087
109.180
109.142
109.144
109.144
109.222
109.172
109.214
109.201
109.216
109.251
109.254
109.127
109.234
109.249
109.227
109.225
109.225
109.288
109.164
109.179
105.656
106.209
109.050
91.721
96.740
107.399
109.262
109.212
109.201
109.213
109.215
109.175
108.084
109.244
109.143
109.252
109.263
109.255
109.255
109.212
109.149
109.053
109.061
109.148
109.201
109.161
109.274
109.250
109.199
109.230
109.233
109.188
109.143
109.160
108.970
109.251
109.244
109.182
109.181
109.236
109.172
107.839
109.244
109.059
109.070
109.218
109.141
109.176
109.220
109.162
109.178
109.092
109.152
109.269
109.189
107.201
109.056
109.171
109.112
109.044
107.497
98.578
109.249
109.229
109.227
109.216
108.887
107.244
109.177
109.178
109.193
108.992
109.229
109.189
109.213
109.213
109.115
109.187
109.243
109.280
109.220
109.196
109.156
109.043
109.186
109.178
109.237
109.168
107.459
107.379
109.194
109.215
109.159
109.164
108.775
106.816
108.396
103.957
109.216
109.074
109.206
109.261
109.228
101.477
109.139
109.119
109.219
109.095
109.154
109.154
109.031
109.103
109.139
109.295
109.320
99.596
109.181
109.177
109.190
109.183
109.209
109.210
109.187
109.146
109.176
109.070
109.234
103.238
109.114
108.876
104.541
108.613
109.254
109.254
109.184
109.156
109.175
109.175
109.217
109.222
109.171
109.133
109.261
109.143
109.177
109.199
109.221
109.208
108.995
109.228
109.200
109.168
109.187
109.182
109.147
109.137
109.142
107.477
99.184
109.069
109.177
109.187
109.264
109.197
109.195
97.844
109.136
109.199
109.229
109.208
109.273
109.012
109.248
109.286
109.112
109.077
109.152
109.264
109.207
109.262
108.962
109.129
109.199
109.148
109.121
109.237
109.025
109.136
109.225
109.194
109.204
109.149
109.224
109.210
109.179
109.179
109.202
109.171
109.159
109.180
109.231
109.184
105.703
109.208
109.178
109.145
109.145
109.169
109.200
109.247
108.987
107.338
109.183
109.154
109.154
108.904
109.179
109.125
109.202
108.925
109.103
109.039
109.195
109.156
109.148
109.241
96.313
109.191
109.167
109.192
109.134
109.232
109.232
109.186
109.142
109.142
109.107
109.159
109.194
109.169
109.159
109.212
109.120
109.202
109.153
102.327
109.245
109.148
109.148
109.240
108.978
109.164
109.177
109.151
109.127
109.124
109.035
109.189
109.250
109.191
98.904
104.494
107.026
109.238
109.183
109.183
109.185
109.195
109.289
109.280
109.212
109.304
109.192
109.149
109.176
107.457
109.200
109.104
109.182
101.330
109.232
109.255
109.202
109.088
109.277
107.460
109.103
107.469
95.007
109.172
108.882
109.154
109.210
109.279
109.153
109.217
98.511
109.157
109.169
109.257
109.170
109.161
109.120
109.138
109.215
109.239
109.178
109.060
109.212
109.240
109.194
109.297
109.228
109.105
109.120
93.948
109.202
109.212
109.256
109.153
109.176
109.218
109.198
109.175
108.975
91.802
109.249
109.249
109.221
109.181
109.181
109.181
109.109
109.210
109.228
102.769
102.769
109.164
109.203
109.166
109.102
101.123
108.058
109.265
109.209
109.155
109.165
109.213
107.146
96.678
109.190
109.179
109.186
109.186
109.061
109.190
109.007
109.166
109.213
109.201
109.176
109.261
109.159
109.195
109.227
109.264
109.276
109.050
109.206
109.234
109.126
109.100
109.075
109.140
109.214
108.926
109.185
109.178
109.237
109.257
109.165
109.250
107.510
109.119
109.236
109.188
109.132
109.171
109.168
109.138
109.171
109.193
109.121
107.412
109.140
109.081
109.142
108.944
109.106
109.135
109.135
109.135
107.434
109.234
109.251
93.623
107.336
109.274
109.224
109.084
109.218
104.700
109.176
109.216
104.467
109.210
109.169
109.174
109.179
109.203
109.097
109.057
105.370
109.073
109.171
109.189
109.156
109.207
109.090
107.017
109.113
109.147
109.170
109.130
109.186
101.517
109.225
109.271
109.180
109.125
109.202
109.140
109.223
109.238
109.214
109.241
109.188
109.132
109.048
103.488
109.029
109.220
96.752
91.585
109.127
107.098
109.089
109.156
109.279
109.235
105.747
109.160
109.233
109.108
109.130
109.243
107.381
109.193
109.203
109.187
107.414
109.198
109.230
109.153
109.129
109.115
109.196
106.905
107.202
109.020
109.148
109.172
106.766
106.884
109.201
109.101
109.163
109.286
109.165
106.654
106.132
109.195
107.273
109.169
109.180
99.742
107.417
109.226
109.143
109.132
109.181
109.235
109.159
109.151
105.309
109.045
109.185
109.287
109.116
109.199
109.230
103.971
109.160
109.146
108.985
105.805
95.078
107.633
109.111
109.080
102.534
109.214
107.394
109.150
92.918
106.974
109.229
107.459
109.089
107.058
91.881
109.164
109.171
109.189
109.206
109.211
104.946
104.946
109.145
109.202
109.165
109.258
109.248
109.224
109.216
109.163
109.181
107.544
109.226
109.235
107.081
109.144
109.155
107.307
109.199
109.184
109.225
109.163
109.193
108.588
103.950
106.909
109.184
109.244
109.204
109.260
98.476
109.178
109.127
109.230
109.268
109.138
109.173
96.253
109.280
109.185
106.254
108.975
109.186
109.179
109.248
101.310
109.146
109.144
109.164
109.151
109.237
109.187
109.149
109.156
109.180
109.153
109.187
109.129
109.061
109.134
109.118
107.289
107.133
109.154
109.069
109.145
109.090
109.085
109.248
109.112
109.203
99.267
109.364
109.067
109.237
107.341
109.175
91.922
94.630
109.177
109.175
109.175
109.124
109.194
109.187
109.136
109.123
109.251
109.178
109.154
94.605
109.193
109.117
109.136
109.142
109.129
109.188
109.167
109.252
108.944
109.198
107.169
108.303
109.176
109.216
109.237
107.312
109.167
109.245
109.192
105.791
100.301
109.245
109.211
109.110
109.159
109.159
109.142
109.126
109.204
109.243
109.212
98.792
107.138
109.136
109.198
109.176
109.224
109.167
109.260
103.965
109.113
93.716
109.154
107.256
108.978
106.897
109.213
109.181
109.260
109.085
109.142
109.011
109.224
107.670
107.331
109.178
109.105
109.135
109.169
107.192
106.167
108.965
109.149
109.156
109.149
109.154
109.200
107.543
109.205
109.278
109.108
109.163
109.132
109.253
109.125
109.242
109.207
109.183
109.162
109.112
109.223
109.149
109.210
109.174
109.261
109.228
109.239
109.246
104.080
109.214
109.197
109.256
107.252
107.367
109.234
109.187
109.188
109.183
109.166
102.206
100.473
109.193
109.143
109.159
109.230
106.418
109.118
109.224
109.117
107.225
109.282
109.210
109.135
109.165
109.022
109.126
109.208
104.808
109.208
109.183
109.229
109.201
109.192
109.100
109.160
109.181
109.177
109.125
109.198
108.325
109.247
109.229
109.024
109.151
109.202
109.243
109.231
109.169
109.215
109.097
108.955
109.106
109.218
109.054
109.155
109.164
109.152
109.179
109.247
109.142
109.154
109.201
109.253
109.140
109.310
109.045
109.239
106.778
109.192
109.211
109.200
109.281
109.174
109.231
107.358
102.086
106.800
109.166
109.196
109.231
109.241
108.987
109.203
109.201
109.244
109.189
109.177
109.230
109.201
107.367
109.181
109.027
109.119
109.207
109.212
109.167
109.163
109.190
109.135
109.195
109.191
104.653
109.205
109.253
109.104
109.187
107.335
109.128
109.131
109.103
109.086
109.252
109.194
103.897
109.210
109.211
109.097
109.230
109.201
99.859
109.221
109.222
105.308
109.171
109.102
109.136
109.181
109.131
109.080
109.126
109.176
107.881
109.207
109.213
109.220
109.151
109.235
109.217
109.265
93.310
97.135
97.135
109.217
109.143
109.254
103.983
109.178
109.164
109.224
109.191
109.154
104.689
109.225
109.226
109.155
109.285
93.929
105.390
107.474
109.138
109.158
109.164
109.108
109.092
105.949
109.060
109.185
109.149
109.221
109.230
109.182
109.182
109.166
108.989
96.301
109.245
109.118
109.177
102.863
109.169
109.075
109.177
107.588
107.061
109.177
109.182
108.944
105.158
109.242
109.167
103.606
103.606
109.225
109.152
109.023
109.222
109.271
109.147
109.253
109.207
101.434
109.234
109.153
107.104
109.032
109.068
106.952
109.075
109.182
107.345
102.071
109.134
109.145
109.185
109.184
107.241
104.776
96.012
109.178
109.149
109.173
109.168
95.756
104.507
109.196
109.109
109.123
109.079
109.191
109.181
107.402
109.258
109.178
109.105
109.181
109.170
97.551
109.146
109.211
109.213
109.141
109.152
97.061
109.190
109.105
109.012
109.122
109.136
109.181
109.132
109.174
109.278
109.169
109.235
109.107
109.195
109.146
109.133
107.026
109.177
107.326
106.520
109.045
109.184
109.228
107.102
109.156
109.214
109.149
109.080
109.219
109.060
109.251
94.484
107.133
109.174
109.120
109.175
109.244
109.052
109.129
109.223
106.775
109.069
109.146
102.330
109.233
108.960
109.009
109.172
109.086
109.166
109.150
109.062
109.117
109.091
109.045
101.363
109.078
109.263
106.861
105.452
109.057
101.927
109.044
109.200
109.158
109.185
95.807
109.091
109.139
102.994
108.765
109.080
109.185
109.139
109.229
109.148
108.939
107.140
109.156
109.201
105.800
109.232
109.198
109.231
97.207
109.225
104.792
109.034
109.268
109.223
109.145
109.160
109.164
107.216
109.182
109.160
109.149
107.270
103.020
109.171
109.165
109.144
109.073
109.194
109.169
109.192
109.233
109.230
109.219
109.114
109.235
109.174
103.231
109.199
109.252
109.200
109.138
109.087
109.052
108.993
109.130
109.095
109.226
109.050
109.245
103.486
103.486
103.486
109.173
102.901
109.194
109.134
107.203
109.220
109.193
109.321
109.211
109.096
109.232
109.176
109.208
109.204
109.256
107.265
104.032
109.186
109.141
106.263
109.232
109.224
109.184
109.137
109.044
109.131
109.042
109.113
109.071
107.358
109.184
109.245
108.975
109.140
109.043
109.172
109.157
109.239
109.187
109.232
109.093
109.135
109.135
109.200
109.114
109.098
109.223
109.200
109.190
109.234
109.211
98.612
109.242
109.175
109.229
107.603
93.935
109.289
109.190
109.225
109.153
108.962
109.222
109.104
109.213
97.407
109.134
109.211
109.166
106.862
109.205
109.214
109.175
109.187
109.134
94.747
109.089
107.416
109.233
109.172
109.280
108.965
107.226
99.059
109.148
107.289
109.153
109.241
109.275
109.187
107.402
107.551
109.199
107.369
109.194
108.949
106.936
109.240
109.178
109.125
109.143
103.496
102.187
109.165
109.139
108.947
109.168
109.153
109.210
109.190
109.211
109.214
109.224
109.282
109.274
106.466
109.173
109.223
109.095
106.048
109.138
107.298
109.173
109.154
103.329
107.489
109.193
109.272
109.193
108.981
109.240
109.190
106.066
108.069
109.223
109.170
101.349
109.206
109.218
109.114
109.192
108.966
106.797
109.197
109.235
103.255
109.198
109.219
109.087
109.126
109.185
109.170
109.180
109.143
102.665
109.174
109.133
107.236
109.167
109.202
107.417
109.235
109.141
108.938
109.240
109.190
109.244
109.215
109.066
99.778
109.175
109.091
104.157
109.170
109.236
109.182
109.120
109.192
109.223
109.176
109.173
109.193
109.119
109.285
109.301
109.269
107.496
109.183
109.188
109.226
109.159
109.093
109.197
109.220
109.182
109.194
109.144
109.121
109.175
109.213
97.981
109.003
109.219
109.174
109.100
109.203
109.174
109.206
109.181
109.162
109.217
109.151
107.227
102.940
109.210
105.119
105.119
109.263
109.159
109.083
109.171
109.171
109.158
109.149
96.427
109.239
109.161
109.159
109.161
109.167
109.190
105.113
109.225
109.250
109.241
109.153
109.214
109.179
102.050
109.156
109.163
109.158
109.167
109.187
109.236
109.149
109.185
109.171
109.212
109.080
109.160
109.146
109.183
107.803
109.108
109.255
109.201
107.215
109.241
109.210
109.195
109.231
109.209
109.163
109.119
109.247
106.622
109.199
109.216
109.168
109.184
109.210
103.977
109.210
109.228
108.953
109.205
109.115
109.188
109.127
109.163
109.141
109.107
109.222
91.628
107.564
109.188
107.968
109.164
109.161
109.175
109.110
109.256
109.171
109.206
95.037
95.037
109.218
109.146
109.197
109.144
108.977
109.189
109.236
109.139
109.134
109.251
109.162
109.169
109.196
109.175
109.147
109.125
109.146
109.160
109.222
109.081
109.024
93.138
109.164
109.146
95.638
109.206
109.236
109.354
109.139
109.101
109.133
109.192
105.054
109.201
107.207
107.308
109.026
109.267
109.176
109.128
109.194
109.196
109.212
109.155
109.200
108.958
109.111
96.031
109.231
109.182
109.180
109.252
105.152
109.119
109.187
109.244
109.157
109.097
109.185
109.199
109.204
109.156
109.074
109.164
107.926
109.251
109.160
109.044
109.241
109.193
109.153
109.152
109.239
109.143
109.200
109.248
109.114
107.054
109.237
109.231
109.180
109.181
104.326
109.199
109.192
101.276
109.191
109.183
105.574
109.179
109.323
109.194
109.149
109.170
109.189
109.241
109.177
109.180
107.979
107.122
109.172
109.129
109.160
109.112
109.256
109.086
109.259
97.189
107.375
109.279
109.190
109.190
109.264
109.211
109.196
107.348
109.164
96.162
109.195
109.269
109.143
109.210
107.376
107.404
109.199
109.164
109.126
107.006
109.125
109.058
109.142
109.182
109.204
109.155
108.991
109.234
108.973
109.109
109.184
109.120
98.507
109.170
109.151
109.238
107.339
109.193
109.144
108.065
109.152
109.211
109.210
109.225
109.158
109.243
91.469
109.163
109.059
109.194
106.327
109.230
106.850
109.182
109.182
109.182
100.275
109.138
109.190
109.244
108.600
109.222
109.166
109.036
93.161
109.212
109.212
109.179
109.109
105.560
109.178
109.183
109.211
109.268
109.290
109.170
94.697
109.181
109.158
104.823
109.213
109.183
109.223
109.262
107.244
107.168
109.163
93.596
109.085
109.145
109.271
107.563
109.026
100.788
109.235
101.219
109.196
104.672
109.166
109.169
106.154
109.155
109.252
109.277
109.215
109.032
109.245
109.148
109.201
109.209
109.200
109.125
109.191
109.161
109.215
109.166
109.256
109.261
109.214
101.198
109.052
107.526
109.190
109.234
109.169
109.151
109.243
109.095
109.128
109.180
109.195
109.075
109.231
109.188
109.155
109.206
109.213
109.208
109.239
109.110
109.238
109.229
109.222
109.239
107.296
109.223
109.228
109.198
109.238
107.229
107.437
109.269
107.372
107.279
109.187
109.221
109.121
109.137
109.215
103.250
109.343
109.212
109.221
109.230
109.252
109.106
109.139
109.231
107.452
109.154
109.104
109.156
106.166
109.119
109.214
103.260
109.241
109.135
109.102
109.205
109.158
109.237
109.180
109.136
109.170
109.225
109.051
109.246
109.212
109.247
109.082
97.069
109.245
109.168
109.203
107.505
109.180
109.160
109.182
109.200
109.150
109.210
102.815
109.117
109.276
109.290
109.201
109.195
109.208
109.217
109.191
106.215
109.159
95.492
109.199
109.124
109.248
109.167
96.483
109.104
109.262
109.241
109.195
109.139
109.169
107.331
109.231
100.127
109.269
109.100
107.258
109.093
109.160
109.214
102.124
109.116
109.221
109.135
106.580
109.111
104.792
109.138
109.181
109.285
109.208
93.492
109.186
109.188
107.247
109.240
109.206
109.156
109.206
109.238
109.183
108.684
109.218
94.783
109.164
109.209
109.073
109.186
106.079
109.213
109.201
109.159
109.221
107.159
109.175
107.244
109.192
109.178
109.304
109.244
109.183
109.139
109.195
109.189
109.182
96.137
109.219
109.147
107.216
109.137
109.045
92.124
109.202
109.179
109.261
109.261
101.461
109.199
109.178
109.255
109.152
109.109
107.485
101.291
107.320
109.204
109.208
105.182
109.182
107.288
109.286
92.837
109.177
105.055
107.619
109.169
109.214
109.020
109.181
103.994
109.157
109.215
109.184
109.115
107.357
107.012
109.247
109.119
109.143
109.255
108.884
104.488
109.219
93.040
109.159
109.102
109.211
109.189
109.262
109.146
106.442
109.246
109.166
91.772
109.219
109.069
109.185
109.201
109.127
109.234
109.168
109.109
99.935
108.999
109.173
109.102
109.138
109.230
109.075
109.125
109.185
109.156
109.241
109.241
109.133
109.100
107.122
99.793
109.144
107.136
109.138
109.204
109.206
109.124
109.154
109.198
103.980
109.185
109.168
109.191
109.268
93.361
109.136
109.245
109.225
109.308
94.735
109.217
109.272
100.358
109.207
109.242
109.138
109.236
102.343
109.171
106.879
98.889
109.268
104.963
109.147
109.169
92.978
109.269
109.174
109.065
109.145
109.253
109.202
106.917
109.118
102.226
109.250
109.232
109.181
93.398
109.131
109.190
109.184
109.184
109.236
109.268
109.204
109.243
109.264
97.106
109.258
109.182
107.067
109.164
106.967
93.508
109.173
109.103
109.218
109.188
109.130
109.193
109.221
109.240
107.440
109.233
106.234
109.178
109.171
99.144
109.184
109.189
109.259
109.183
109.190
109.248
109.242
109.239
109.236
109.177
107.437
109.277
92.911
109.186
109.212
109.093
109.196
109.160
100.844
109.153
99.725
109.213
109.232
109.229
96.192
91.414
109.114
109.018
109.089
109.189
109.207
109.144
109.161
109.128
109.193
108.979
93.075
109.147
109.116
109.173
103.978
109.194
109.160
109.058
109.187
109.182
109.204
109.201
109.103
109.157
109.243
109.167
106.413
106.413
109.200
109.165
109.284
109.211
109.180
109.155
109.021
109.200
109.166
109.163
109.219
109.033
109.087
109.181
98.422
109.214
106.960
109.197
109.224
109.071
109.216
109.117
109.173
109.206
107.222
109.225
109.149
106.990
109.241
109.165
104.828
106.239
109.289
109.226
102.101
109.178
109.166
109.143
109.138
109.232
107.343
109.258
109.257
109.223
109.198
109.215
99.416
109.047
109.229
109.198
104.458
104.458
104.261
109.128
109.247
92.451
109.068
109.196
100.369
109.217
109.167
109.127
109.167
102.167
109.234
109.240
99.458
109.211
109.131
101.422
107.140
109.238
107.312
106.235
109.180
109.221
109.129
102.020
109.194
109.173
107.127
109.206
109.148
109.209
109.128
109.232
109.170
109.121
99.776
109.252
108.991
109.202
109.233
109.157
109.151
109.176
109.219
109.198
109.199
109.199
109.226
97.278
109.162
94.892
109.245
109.065
109.149
109.123
109.086
109.223
109.181
107.046
109.147
109.092
107.405
109.243
109.183
109.215
109.258
94.763
107.265
109.191
109.127
100.298
109.146
109.144
109.248
109.238
109.172
109.208
109.229
109.154
109.133
109.218
109.137
109.255
106.305
109.186
109.192
109.232
109.182
109.213
109.178
109.154
103.813
109.107
109.193
109.202
109.096
109.202
109.182
109.289
109.124
109.125
109.254
109.088
109.108
109.302
107.276
109.176
109.178
109.172
106.526
109.199
109.112
107.386
107.227
97.570
107.462
109.231
109.227
109.212
109.212
102.446
107.385
106.899
109.175
109.195
109.118
109.195
109.155
109.170
109.228
107.073
109.087
107.027
109.226
109.239
107.209
109.192
109.236
108.951
109.172
105.724
109.246
109.177
109.099
109.240
107.187
109.168
109.149
109.153
109.182
107.174
109.267
109.147
109.112
109.150
109.244
109.110
109.244
109.215
109.117
107.368
109.238
104.679
109.165
109.174
109.175
109.219
109.208
109.149
109.263
106.069
106.190
109.270
109.266
109.223
109.067
108.249
109.157
109.192
109.141
109.172
109.220
102.743
107.376
109.120
109.224
109.094
109.118
109.250
109.249
109.144
109.253
109.102
109.133
109.176
107.944
109.087
109.189
107.170
109.195
109.246
109.139
109.220
109.304
109.106
109.249
109.181
109.142
109.176
109.195
109.163
109.285
109.266
109.163
109.186
109.191
109.154
109.179
109.215
109.198
109.190
109.092
109.215
109.206
109.196
109.163
109.276
109.150
109.304
109.194
107.257
109.204
109.246
105.478
109.138
109.198
109.037
108.671
109.184
109.099
109.180
109.309
109.172
109.166
109.123
109.194
109.111
109.107
103.845
109.200
109.138
109.190
109.197
107.647
109.236
109.173
109.121
109.276
103.591
107.353
109.206
109.108
109.125
109.120
109.231
109.175
109.172
109.166
109.263
109.254
109.136
109.139
109.113
109.069
109.181
109.177
109.100
107.707
109.235
109.235
109.018
107.564
109.238
109.187
109.176
109.120
109.191
109.135
107.208
109.202
96.651
109.171
109.084
109.175
109.190
109.259
109.249
109.190
109.132
109.257
94.787
109.205
101.269
109.228
107.214
109.242
105.132
109.215
101.075
101.075
107.748
109.222
109.241
109.059
109.250
109.067
109.074
109.061
109.150
109.250
109.236
109.236
109.175
109.194
109.271
109.274
109.179
102.629
109.165
109.165
109.165
109.147
107.555
105.141
109.300
109.198
93.377
109.242
109.200
107.437
107.640
109.259
109.196
109.161
109.163
109.163
109.219
109.125
109.244
109.213
109.155
109.268
109.161
109.173
109.173
109.236
109.218
109.223
109.168
109.252
109.306
109.068
109.229
109.139
109.224
109.236
109.185
109.201
109.237
109.222
109.222
109.158
109.197
109.237
109.080
105.286
108.978
109.179
109.178
109.165
109.128
98.435
109.097
109.228
109.216
109.150
109.202
109.126
109.101
109.101
109.101
109.220
109.220
109.158
109.172
109.172
103.644
109.206
109.249
109.218
109.216
109.206
109.080
108.978
109.222
109.095
109.261
109.167
109.167
109.127
93.326
109.145
106.225
106.225
106.225
106.225
109.253
109.262
109.224
109.224
109.252
109.252
109.273
109.273
109.246
97.189
109.243
109.243
107.487
109.203
109.205
106.926
109.214
108.085
109.257
109.104
107.844
109.074
109.174
109.180
109.262
109.219
109.137
109.137
109.109
109.270
107.722
109.232
105.030
109.217
109.212
106.205
106.205
106.205
109.255
107.660
109.105
107.840
106.252
109.219
109.134
109.155
109.173
109.173
109.158
109.246
109.229
109.241
109.241
109.187
107.554
109.080
109.234
109.229
109.246
109.063
109.063
109.063
109.215
109.247
109.247
109.102
109.102
109.211
109.188
109.188
109.188
109.216
109.165
109.267
109.208
109.208
109.261
109.250
109.250
109.178
109.178
109.142
109.219
109.182
109.189
109.189
109.155
109.240
109.224
109.217
109.217
109.237
109.137
109.137
107.492
107.492
107.492
109.211
98.427
109.263
109.231
109.188
107.577
109.173
109.326
109.073
107.020
109.216
109.325
109.236
109.325
109.165
109.248
109.172
109.203
109.262
107.310
107.482
109.186
109.209
109.237
109.218
108.258
109.224
109.230
109.230
109.205
109.213
109.078
109.257
109.169
109.243
109.243
109.113
109.085
109.233
109.230
109.263
106.898
109.184
109.301
109.252
109.191
109.239
109.205
109.230
108.982
109.286
109.106
109.110
109.217
109.142
109.127
96.775
102.625
109.286
109.224
109.153
109.156
109.224
109.102
104.249
109.275
109.159
109.284
109.197
109.194
109.125
109.187
109.235
109.138
109.138
109.151
109.164
109.168
109.168
109.168
91.994
91.994
109.268
109.247
109.123
109.180
109.230
109.258
101.529
109.224
109.192
109.178
109.211
109.188
109.150
109.157
109.157
106.998
109.209
109.182
109.271
109.204
109.136
109.249
109.255
109.128
109.243
109.209
109.240
109.222
109.222
109.080
109.211
107.395
109.134
109.109
109.259
109.178
109.267
109.232
109.212
109.306
109.153
109.157
109.165
107.206
109.188
109.223
109.137
109.178
109.194
109.210
109.281
109.190
108.958
109.238
109.234
109.221
109.263
109.194
109.204
109.186
107.987
107.987
102.770
109.175
109.230
109.072
109.175
109.259
109.182
109.235
109.166
109.261
109.152
109.152
109.213
106.246
109.271
109.293
109.173
106.391
109.285
109.278
101.911
109.203
94.567
109.197
107.396
109.146
109.234
109.128
109.269
109.206
109.183
109.198
105.785
109.271
101.368
109.266
109.168
109.284
109.193
109.213
107.703
109.172
109.275
109.230
109.158
94.851
109.246
109.246
109.166
109.138
91.312
109.236
109.204
107.531
109.256
109.209
109.208
107.462
109.211
109.236
107.907
107.499
109.232
109.103
109.257
109.214
109.229
109.193
109.141
109.170
109.214
109.247
109.196
109.233
102.014
109.196
109.161
106.710
106.710
108.453
109.210
109.210
109.302
109.209
109.209
109.251
109.151
109.151
109.305
109.196
109.203
109.183
109.217
109.232
109.093
109.105
109.220
109.258
100.358
101.274
101.588
107.576
108.538
109.236
109.236
109.204
108.258
109.064
109.261
109.251
109.226
109.094
109.352
109.179
107.644
109.212
109.166
107.862
109.165
109.165
106.166
106.166
106.166
94.859
91.700
109.135
97.460
109.197
109.133
97.314
109.161
109.216
109.182
109.258
109.154
109.253
109.071
109.211
109.254
109.237
109.206
107.736
101.237
99.336
109.166
109.224
109.191
109.154
109.184
109.185
109.222
109.131
109.204
109.138
109.232
109.198
109.087
109.168
109.214
109.100
109.151
109.164
109.168
109.141
109.274
106.528
109.247
109.165
109.157
109.235
109.309
109.220
109.291
109.227
109.285
109.201
107.327
109.259
95.032
107.460
109.259
109.115
109.227
109.220
109.134
109.154
109.019
109.191
109.106
99.923
109.272
109.172
109.210
109.264
109.266
109.094
109.171
109.204
109.132
101.385
109.214
109.164
109.174
109.174
109.176
109.184
109.258
109.229
109.259
109.053
108.206
97.423
109.223
109.127
109.191
109.191
109.201
109.233
109.252
109.295
107.622
107.475
109.222
95.931
109.277
109.149
109.169
109.192
109.140
109.102
109.211
109.180
109.137
109.156
109.267
109.205
108.055
108.055
109.177
109.328
109.237
108.954
109.204
109.204
109.187
109.206
109.148
109.169
109.149
109.199
109.180
109.179
109.201
109.215
109.254
109.139
109.272
108.049
106.131
109.189
109.150
109.260
109.161
109.088
109.101
109.217
109.161
109.172
109.185
99.010
109.226
107.569
107.464
109.266
107.455
109.215
107.687
109.179
109.207
109.151
109.113
109.113
109.094
109.297
109.234
109.203
109.170
109.170
109.100
109.120
109.192
104.532
109.187
109.233
102.611
109.267
109.169
109.202
109.188
109.188
109.188
109.188
109.187
109.187
109.198
98.557
109.230
109.229
109.192
109.247
109.242
109.208
109.155
109.302
109.222
108.519
109.197
103.435
109.206
109.206
109.151
109.293
109.310
109.131
109.107
109.247
109.103
109.259
109.188
109.186
109.186
109.335
109.256
109.269
104.949
109.202
109.263
109.143
109.110
109.180
109.291
109.250
109.215
109.281
109.281
109.191
109.191
109.133
109.256
109.235
109.189
105.645
101.162
107.530
109.136
109.260
109.219
109.239
109.250
109.225
107.299
109.097
109.225
109.172
109.259
109.132
109.109
109.293
109.069
109.260
109.213
109.238
109.166
109.206
109.226
109.257
109.108
109.174
109.209
109.120
109.278
102.123
109.234
109.216
109.174
109.117
100.905
109.287
109.287
109.241
109.243
109.211
109.185
109.185
109.192
109.188
109.194
109.217
109.204
100.461
109.255
109.152
109.128
109.196
109.230
109.202
109.177
109.197
109.222
98.467
98.467
109.180
109.269
109.308
109.144
109.245
108.015
109.209
109.155
107.708
104.944
109.229
109.200
101.532
109.092
109.230
109.077
109.264
109.130
107.125
109.225
109.217
105.554
107.649
109.169
109.162
107.082
109.217
101.284
109.330
109.202
109.103
109.139
109.326
109.215
109.227
105.618
109.187
109.261
95.442
106.593
109.067
109.179
109.238
109.165
109.273
103.825
106.208
109.268
109.189
109.185
109.219
109.231
109.125
105.782
109.201
109.231
109.266
109.162
109.132
105.058
109.222
109.090
97.046
97.046
107.530
109.136
109.204
109.281
109.266
99.803
109.178
109.127
109.118
108.812
102.129
109.180
109.045
109.155
109.174
109.284
109.251
107.603
109.169
109.118
109.209
109.190
107.090
107.323
109.155
109.198
109.263
109.100
109.247
109.215
109.177
109.291
93.497
109.139
109.158
109.259
109.222
106.645
109.156
109.214
109.302
109.173
109.231
109.231
93.825
103.411
108.018
109.145
109.010
109.175
107.033
109.228
109.331
105.658
109.178
109.194
109.152
109.194
106.089
107.489
109.148
109.243
109.148
109.071
106.610
106.952
109.246
109.208
109.201
109.062
109.255
109.048
109.186
109.290
109.167
103.465
106.641
107.460
109.116
109.112
107.387
107.140
109.153
109.157
109.150
98.656
109.142
109.049
109.127
109.209
109.145
109.231
109.124
109.132
109.239
109.188
109.170
109.223
94.940
109.176
109.220
109.151
109.326
109.247
106.941
109.160
109.224
109.218
109.074
94.937
109.055
109.222
109.156
109.196
109.177
109.182
109.188
109.123
109.209
109.201
109.243
109.082
109.262
109.250
109.206
109.210
109.197
104.349
109.205
109.202
109.179
109.082
109.252
109.224
109.256
109.167
109.306
109.231
109.183
109.191
109.226
109.221
109.196
108.952
108.947
109.240
109.178
109.244
109.217
109.198
109.175
109.229
109.207
109.122
109.212
109.231
109.237
109.161
109.199
105.927
109.271
109.289
109.208
109.213
109.196
109.181
109.138
109.100
109.214
109.183
109.252
109.235
109.227
109.187
109.044
109.279
109.248
109.313
109.323
109.217
109.222
109.115
109.140
109.284
109.221
109.248
109.305
109.267
99.931
109.281
109.177
109.288
109.269
109.213
109.286
109.217
109.260
109.248
109.260
109.309
109.251
109.277
109.179
109.242
109.163
109.198
109.327
109.220
108.864
109.175
109.216
109.186
109.246
108.220
109.190
109.254
109.174
109.262
109.262
109.206
109.245
109.197
109.116
109.230
109.251
109.218
109.282
109.248
108.999
109.313
109.245
109.232
109.280
109.232
109.193
109.215
109.259
109.218
109.292
109.088
109.262
109.290
109.256
109.230
109.368
109.303
109.268
109.296
109.287
109.260
109.179
109.203
109.247
109.277
109.259
109.235
109.335
109.248
109.229
109.191
109.285
109.275
109.212
109.339
109.247
109.304
109.226
109.273
83.801
109.287
109.263
109.232
109.247
99.989
109.162
109.248
109.228
109.142
109.202
109.328
109.159
109.233
109.249
109.226
109.256
109.164
109.229
109.342
109.358
109.361
109.356
109.239
109.147
109.313
109.322
109.360
109.314
109.322
109.265
109.225
109.278
109.266
109.243
109.301
109.298
109.267
108.404
109.298
109.290
109.288
109.317
109.274
109.257
109.306
109.117
109.224
109.176
109.239
109.352
109.309
109.208
109.290
109.323
109.312
109.380
109.319
109.205
109.330
109.132
109.213
109.275
109.306
109.131
109.274
109.245
109.239
109.190
109.154
109.365
109.316
109.225
109.355
109.309
109.242
109.105
109.336
109.136
109.284
109.209
109.271
109.168
109.049
109.178
109.200
109.297
109.254
109.275
109.126
109.296
109.163
109.273
109.228
109.272
109.243
109.155
109.189
109.257
109.287
109.275
109.133
109.255
109.208
109.208
109.219
109.261
109.184
104.646
109.284
109.267
109.165
109.271
109.248
109.274
109.112
109.256
109.039
109.161
109.187
109.320
109.185
109.233
109.191
92.458
109.258
109.192
109.168
88.407
105.671
109.227
109.250
109.284
109.255
109.244
109.232
104.363
109.196
109.293
96.010
109.274
109.279
109.096
109.257
109.227
109.189
86.238
109.239
109.261
109.203
109.159
109.189
109.225
109.237
109.212
109.224
109.206
109.267
109.220
109.271
109.238
100.026
109.154
109.167
109.255
109.218
109.178
109.180
109.236
109.215
109.192
109.239
109.231
109.255
109.243
109.213
109.213
109.250
104.432
109.229
109.137
109.036
109.292
94.666
109.261
109.118
109.250
109.189
109.226
109.204
109.158
109.261
109.284
109.243
109.180
109.305
109.261
96.886
109.295
109.215
109.283
109.312
109.182
109.235
109.239
109.218
109.319
109.250
109.183
109.212
109.352
109.267
109.238
109.133
109.229
109.133
109.082
109.213
109.264
109.323
109.223
109.250
109.206
109.187
109.171
109.258
109.232
109.240
109.196
109.224
109.227
109.276
109.252
109.227
90.543
109.138
109.250
109.249
109.333
109.231
109.227
109.131
109.308
109.204
109.199
109.269
109.278
109.284
109.214
109.229
109.165
109.297
109.067
109.278
109.259
109.232
109.203
109.252
109.133
109.215
109.217
109.248
109.209
109.373
109.245
109.231
109.120
109.131
109.172
109.147
109.279
109.258
109.263
109.292
109.230
109.243
109.170
109.225
109.061
109.115
109.221
109.129
109.225
109.327
109.187
109.247
109.176
109.271
109.239
109.242
109.252
109.265
109.166
109.271
109.201
109.226
109.233
109.319
109.176
109.202
109.285
89.119
109.150
109.236
109.254
109.186
109.050
109.230
109.277
109.108
109.220
109.228
109.246
109.295
109.233
109.230
104.779
109.189
109.198
109.201
109.046
109.250
109.200
109.311
109.241
109.246
109.276
109.315
109.294
109.265
109.187
109.127
109.250
109.276
109.311
109.303
109.333
109.205
109.186
109.257
109.321
109.244
109.276
109.200
109.271
109.258
104.879
100.006
109.273
109.227
109.189
109.282
109.295
95.978
109.292
109.207
109.284
109.101
109.272
109.252
109.319
109.296
109.250
95.968
109.226
109.234
86.323
109.242
109.217
109.185
109.166
109.209
109.220
109.162
109.233
109.223
109.237
109.278
109.185
109.232
90.276
109.264
109.186
109.168
109.257
109.258
109.258
109.164
106.312
109.257
109.113
109.117
109.231
109.172
109.121
109.059
109.196
109.159
99.036
109.145
109.188
109.287
109.194
109.179
109.187
109.067
109.189
109.288
109.156
109.199
109.267
109.034
109.194
109.154
107.189
106.310
109.191
109.227
109.319
109.251
109.280
109.271
109.250
109.205
109.247
109.221
109.231
109.299
109.307
109.339
109.245
109.277
95.959
109.266
109.318
109.247
109.215
109.288
109.152
109.183
109.214
109.272
109.047
108.972
109.230
109.105
109.284
109.279
109.326
109.314
109.210
109.257
109.212
109.261
109.186
109.280
109.236
109.142
109.192
109.237
109.236
109.298
109.139
109.170
102.867
109.268
85.693
109.080
109.209
109.111
109.257
109.240
109.183
109.157
109.284
109.216
109.293
109.210
109.250
109.229
107.082
109.302
109.237
109.266
109.221
109.039
109.327
109.060
109.184
109.259
109.219
109.175
109.291
109.145
109.173
109.178
109.218
109.238
109.224
109.188
109.247
109.339
109.248
109.225
109.259
106.509
109.186
109.303
109.256
109.145
109.265
109.255
109.260
107.486
109.125
104.949
109.143
109.248
109.219
109.166
109.417
109.176
109.114
109.250
109.126
109.124
109.247
109.053
109.200
109.209
109.070
109.102
109.301
109.219
109.348
109.221
109.259
109.173
109.150
109.227
109.120
109.275
109.299
109.299
106.077
109.178
109.023
109.215
109.166
109.227
109.201
109.211
109.236
109.216
109.299
105.750
109.252
109.210
109.216
109.214
109.300
109.151
109.147
109.199
109.220
109.225
109.010
109.122
109.268
109.132
109.088
109.229
109.225
109.245
109.275
109.208
109.279
109.239
109.226
109.240
96.709
97.715
109.028
109.109
109.187
109.304
109.264
109.191
109.282
109.228
109.242
109.359
109.192
109.241
109.272
109.328
106.253
109.231
109.198
109.252
109.284
109.193
109.315
109.271
109.276
109.393
109.269
109.249
104.883
105.048
109.122
109.223
109.074
109.246
109.225
109.224
109.121
109.253
109.262
109.276
109.213
109.211
109.274
109.219
109.198
109.199
109.189
109.230
109.238
109.261
109.277
109.239
109.319
109.161
109.221
109.168
109.196
109.094
109.186
109.273
109.147
109.186
109.301
109.229
109.281
109.157
109.157
109.165
109.190
106.101
109.252
109.128
109.039
109.178
109.185
109.220
109.217
109.371
109.198
109.216
91.970
109.153
109.242
109.242
109.165
109.142
109.190
91.983
109.230
109.272
109.164
109.262
109.226
109.247
109.259
109.252
109.172
109.004
109.230
109.227
109.241
109.233
109.198
109.186
109.191
109.157
109.190
109.169
109.205
109.032
109.270
109.178
109.233
83.668
109.179
109.174
109.273
109.233
109.214
109.273
109.214
109.160
109.136
109.134
109.225
109.095
109.090
109.203
109.198
109.210
109.340
96.508
109.209
109.230
109.265
109.239
109.202
109.251
109.268
109.245
109.022
109.284
109.258
109.240
109.232
109.196
109.193
109.193
109.169
109.279
109.208
109.161
109.301
109.285
109.224
109.279
109.268
109.232
109.155
109.198
106.304
109.226
109.280
109.296
109.183
109.251
109.271
106.090
109.171
109.156
109.165
109.141
109.247
106.316
100.002
109.257
109.249
109.314
109.049
109.171
109.355
109.074
109.059
109.168
109.177
109.148
109.278
100.778
109.289
109.282
109.158
109.182
109.124
109.285
109.228
109.221
109.162
109.228
109.206
109.084
109.144
109.221
109.209
109.156
109.206
109.299
109.197
109.204
109.217
108.988
109.316
109.191
109.180
109.145
106.648
109.172
109.201
109.076
109.280
109.192
109.222
109.210
109.130
109.200
109.255
109.234
109.114
109.256
109.103
109.194
109.079
109.190
109.137
109.183
109.173
109.225
109.156
109.272
109.192
109.146
109.280
108.901
109.219
106.077
109.228
109.215
109.233
109.224
109.186
109.145
109.285
109.186
109.153
109.170
108.711
109.112
109.274
109.298
109.291
109.182
109.237
109.262
109.326
109.316
109.212
109.277
109.134
109.188
109.213
109.250
109.312
109.195
109.260
109.133
109.121
109.206
109.172
109.227
109.166
109.312
109.238
109.255
109.369
109.288
109.254
109.129
109.260
109.247
109.212
109.278
109.247
109.271
109.178
109.229
109.065
109.215
106.962
109.154
109.223
109.146
109.284
109.264
109.237
109.232
109.317
109.265
109.227
109.241
109.225
109.211
109.178
109.209
109.252
109.194
109.302
109.139
109.044
109.261
109.036
109.153
109.283
109.265
109.178
109.289
109.221
109.252
109.187
109.193
109.137
109.239
109.266
109.180
108.545
109.227
109.195
109.127
109.229
109.174
109.266
109.192
109.294
109.201
109.290
109.193
109.187
86.452
109.190
109.214
109.292
109.156
109.099
109.245
109.225
109.192
109.248
109.238
109.184
109.298
109.087
109.171
109.190
109.268
109.245
109.278
109.293
109.265
109.192
109.305
109.275
109.092
109.253
109.280
109.225
109.305
86.026
109.214
109.225
109.248
109.284
109.259
109.260
109.245
109.234
109.246
109.104
109.270
109.274
109.237
109.281
109.234
92.420
109.250
108.803
109.178
109.243
109.106
109.205
109.205
109.217
109.251
109.304
109.327
109.211
109.142
109.263
100.927
109.252
109.394
109.270
109.158
109.334
109.179
109.140
109.263
109.158
109.213
109.192
109.305
109.233
109.363
109.225
109.225
109.257
109.211
109.287
109.262
109.208
109.296
109.264
101.145
109.276
109.215
109.271
109.234
109.273
109.288
109.294
109.290
109.274
109.299
109.146
109.303
109.226
109.092
105.549
99.985
103.867
109.255
109.104
109.049
109.289
109.262
109.268
109.194
109.197
109.135
108.986
109.263
109.255
109.317
109.236
109.256
109.230
109.277
109.266
109.178
109.279
98.489
109.127
109.289
109.168
109.251
108.822
109.203
109.286
109.274
106.391
109.229
109.281
107.483
109.335
109.251
109.094
109.142
109.269
109.380
109.251
109.356
109.371
109.327
109.359
109.333
109.267
109.335
109.368
104.749
109.341
109.482
109.298
109.257
109.391
109.373
109.136
109.387
109.335
109.402
109.265
109.341
109.310
109.440
109.410
109.412
109.359
109.377
109.380
109.409
109.460
109.374
109.287
109.365
109.366
109.340
109.374
109.393
109.320
109.417
109.306
109.368
109.379
109.331
109.386
109.210
109.407
109.400
109.317
109.360
109.434
109.329
109.296
109.469
109.354
109.322
89.287
109.403
109.305
109.347
109.381
86.111
109.349
109.420
109.357
109.455
109.378
109.393
109.315
106.481
109.361
109.341
109.340
109.332
109.331
109.421
109.374
109.344
109.318
109.353
109.309
109.364
109.416
109.279
109.311
109.397
109.328
109.405
109.284
109.359
109.422
109.325
109.328
109.212
109.440
109.369
109.361
109.356
109.322
92.507
109.390
109.437
109.408
109.477
109.444
109.373
109.330
109.430
109.346
109.393
109.332
109.322
109.312
107.292
109.325
109.348
109.406
109.347
109.204
109.332
109.363
109.407
109.374
109.490
109.381
109.423
109.396
109.321
109.498
109.452
109.349
109.370
109.383
109.390
109.305
109.456
109.344
109.326
109.196
109.403
109.445
109.389
109.354
109.255
109.375
109.354
109.397
109.444
109.219
109.432
109.369
109.315
109.352
109.334
109.416
109.343
109.346
109.418
109.404
109.408
109.440
109.356
109.275
109.435
109.368
109.224
109.434
109.423
109.384
109.412
109.386
109.331
109.296
109.302
98.950
109.387
109.414
109.397
109.374
109.238
109.313
109.348
109.321
109.313
109.290
109.346
109.102
109.306
86.295
109.379
109.240
109.303
109.359
109.276
109.398
109.245
109.322
109.258
109.321
109.393
109.345
104.764
109.434
109.413
109.331
109.411
109.440
109.471
109.298
104.315
109.243
109.381
109.307
109.320
109.373
109.280
109.342
109.334
109.265
109.267
109.305
109.487
109.302
109.379
109.472
109.361
109.342
109.389
109.426
109.296
109.277
109.340
109.326
109.286
109.300
109.266
109.343
109.293
109.248
104.505
109.396
109.336
109.379
109.116
109.284
109.324
109.344
109.384
109.318
109.339
109.358
109.220
109.352
109.318
109.432
109.310
109.259
109.376
109.217
109.406
109.318
109.351
109.428
109.371
109.350
109.356
109.384
109.354
109.267
109.350
109.292
109.297
109.275
109.440
109.298
109.362
109.242
109.341
109.331
109.337
109.360
109.299
109.236
100.153
109.423
109.282
109.344
109.296
109.308
109.384
109.257
109.288
109.413
109.176
109.265
109.295
109.309
109.348
109.300
109.337
109.285
109.275
109.375
109.278
109.380
109.205
109.371
109.354
109.369
81.052
109.346
109.306
109.318
106.330
109.148
109.319
109.364
109.198
109.308
109.229
109.308
109.258
109.280
109.318
109.371
109.377
109.373
92.571
97.840
109.341
109.336
109.297
109.317
109.362
109.295
109.242
109.398
109.303
109.220
92.234
109.359
109.212
109.301
109.415
109.318
109.342
109.269
109.363
109.255
109.372
109.334
109.395
109.306
109.240
109.345
109.297
109.341
109.333
109.367
109.354
109.375
109.266
109.335
109.241
109.187
109.272
109.453
109.381
109.334
109.311
109.269
109.344
109.154
109.342
109.349
109.324
109.320
109.202
109.320
109.299
109.300
84.167
109.316
109.457
109.328
109.400
109.334
109.354
92.194
109.317
109.359
109.345
109.336
109.242
109.330
109.448
109.318
109.336
109.301
109.391
109.270
109.316
109.355
109.263
91.898
109.364
109.295
109.281
109.332
109.364
109.366
109.325
109.293
109.435
109.328
109.341
109.329
109.378
109.423
109.300
109.342
109.351
109.361
109.350
109.295
109.232
109.225
109.297
109.329
109.334
109.335
109.371
109.289
109.235
109.415
109.208
109.334
109.302
89.073
109.402
109.334
109.368
109.236
109.375
109.392
109.316
109.304
109.344
109.287
109.375
109.332
109.294
109.330
109.312
107.599
109.346
109.338
89.283
109.332
109.375
109.361
109.342
109.376
109.279
109.334
109.310
109.278
109.341
86.530
109.359
109.357
109.341
109.323
109.406
109.394
109.401
109.337
98.482
109.337
109.338
109.246
109.325
109.309
109.322
109.248
109.304
109.343
109.258
109.280
109.368
109.320
109.295
109.416
109.349
109.346
109.266
109.344
109.302
109.280
109.418
109.418
109.310
109.145
109.343
109.293
109.456
109.237
109.350
109.402
109.313
109.364
109.165
106.217
109.343
109.416
109.238
109.323
109.297
109.401
109.207
109.133
109.237
109.346
109.311
109.362
109.301
109.350
109.346
109.378
109.353
109.306
109.458
109.323
109.357
109.325
109.302
109.343
109.373
104.468
109.424
109.318
109.382
109.352
109.345
109.293
109.057
109.331
109.458
109.285
109.309
100.068
109.341
109.385
109.336
109.374
109.167
109.352
109.338
109.316
109.359
109.351
109.369
109.374
109.262
109.363
109.333
109.379
109.399
109.203
109.420
109.295
109.302
109.449
109.348
109.319
109.318
109.472
109.323
109.382
109.326
109.389
109.370
109.287
109.400
109.342
109.334
109.392
109.211
109.430
109.347
109.095
109.369
109.315
109.277
109.421
109.318
109.376
109.333
109.320
109.316
109.321
109.363
96.120
109.367
109.328
109.328
109.398
109.398
109.398
109.398
109.398
109.398
109.398
109.242
109.242
109.242
109.242
109.372
109.340
109.229
109.325
109.347
109.400
109.268
109.297
109.307
109.451
109.387
109.342
109.417
109.268
109.395
109.386
109.318
109.333
109.336
99.364
109.266
109.334
109.409
109.363
109.203
109.339
109.310
109.422
109.362
109.328
109.270
109.341
109.300
109.384
109.289
109.446
109.393
109.286
109.318
109.160
109.383
109.430
109.399
109.349
109.397
109.342
109.252
109.279
109.338
109.417
109.353
109.347
109.334
109.360
109.360
109.355
109.398
109.365
109.348
109.421
109.341
109.358
109.359
91.494
109.408
109.363
109.382
109.454
109.402
109.375
96.611
109.392
109.381
109.311
109.346
83.483
109.418
109.451
109.397
109.408
109.392
109.390
109.342
109.359
109.333
109.415
109.401
109.384
109.446
109.410
106.615
109.358
109.394
109.427
109.354
109.446
109.343
109.383
109.443
109.429
109.374
109.266
90.368
109.319
81.189
109.337
109.450
109.449
109.352
109.315
109.403
109.412
109.387
109.386
109.390
109.294
109.349
109.383
109.343
109.352
109.426
109.368
109.357
109.086
109.332
109.321
109.378
109.367
106.044
109.313
104.728
109.425
109.468
109.390
109.425
109.395
109.399
109.495
109.378
109.312
109.411
109.409
109.377
109.344
109.267
109.345
109.402
95.450
109.341
109.425
109.424
109.390
109.372
109.274
109.393
109.353
109.457
109.340
109.459
109.366
109.297
109.406
109.409
109.379
109.464
109.390
90.376
109.259
109.397
109.402
109.402
109.426
96.759
109.383
109.358
109.427
109.383
109.444
109.388
109.391
109.335
109.359
107.318
109.440
109.406
109.422
109.272
109.324
109.421
109.373
109.384
109.469
109.357
109.393
109.326
109.341
109.338
109.450
109.372
109.443
109.367
109.345
109.408
109.404
109.414
109.403
109.389
109.321
109.342
109.431
109.382
109.372
109.383
109.346
109.386
109.343
109.366
109.470
109.448
109.328
109.396
109.421
109.327
109.390
109.261
109.378
109.356
109.300
109.412
109.313
109.348
109.315
109.374
109.417
109.466
109.347
109.323
109.388
109.386
109.307
109.418
109.447
109.432
109.251
109.311
109.263
109.470
109.432
109.368
109.371
109.379
109.224
109.292
109.412
109.428
109.377
106.389
100.036
109.377
109.361
109.381
109.401
109.424
109.366
109.191
109.326
105.304
109.304
109.347
109.409
109.349
109.267
109.245
109.232
109.401
109.294
109.303
109.355
109.472
109.350
109.352
109.241
109.380
109.216
109.475
109.295
109.389
109.350
109.350
109.357
109.372
109.409
109.352
109.430
109.373
109.371
109.397
109.386
109.389
109.346
109.402
106.322
109.308
109.278
109.382
109.286
109.353
109.360
109.298
109.190
109.330
109.379
109.395
109.429
109.269
109.371
109.195
109.298
109.334
109.296
109.387
109.277
109.338
109.360
109.340
109.334
109.404
109.351
109.404
109.293
109.427
109.300
109.337
109.439
109.240
109.436
109.420
109.415
109.210
109.358
109.345
109.238
109.377
103.731
109.351
109.297
109.294
109.391
109.317
109.299
109.375
109.389
92.400
109.387
109.380
109.282
109.453
109.341
109.342
109.330
107.438
109.423
109.196
109.364
109.371
109.301
109.306
109.302
109.315
109.417
109.386
109.393
109.461
109.332
106.447
109.462
92.295
109.339
109.316
109.240
109.293
109.266
109.428
109.305
109.314
106.390
109.333
109.310
109.384
109.337
109.326
109.337
109.420
109.292
109.370
109.198
109.358
109.348
109.358
109.321
109.356
109.213
109.471
109.353
109.365
109.321
109.369
109.473
109.354
109.329
109.228
109.322
109.399
109.384
109.259
109.360
109.353
109.406
109.362
109.173
109.336
96.031
109.330
109.335
