108.956
108.986
108.926
108.941
108.919
109.001
108.901
108.961
108.887
109.041
108.953
108.945
108.94
108.94
109.003
108.969
109.062
109.113
109.049
109.032
109.103
108.948
108.978
108.945
108.974
108.956
108.796
108.993
109.074
108.958
109.008
109.004
109.063
108.95
109.079
109.006
109.029
108.956
109.066
108.946
109.014
108.833
109.034
108.898
108.974
109.053
109.054
108.994
109.076
108.996
108.99
109.077
108.909
109.026
109.011
109.0
108.979
109.081
109.06
109.002
109.029
109.049
109.055
109.019
108.996
109.079
109.007
109.094
108.951
109.048
108.972
109.048
109.059
109.04
109.007
108.91
108.949
108.98
109.117
108.978
109.087
109.056
109.141
108.982
109.078
109.008
109.005
108.96
108.977
108.966
108.962
108.993
109.081
109.022
109.003
109.003
107.448
108.945
109.038
109.048
109.106
109.067
108.897
109.038
109.001
109.013
109.006
109.103
109.082
109.085
109.004
109.015
109.053
108.994
109.116
109.062
109.045
109.079
109.095
109.041
109.024
109.104
108.97
108.992
109.146
109.042
109.078
109.032
109.026
109.069
108.992
109.04
109.133
109.11
109.018
109.069
109.058
109.013
108.971
109.096
109.031
108.937
109.219
109.108
108.994
108.989
109.023
108.821
109.103
109.065
109.029
108.928
109.108
109.02
109.103
108.912
109.01
108.854
109.054
109.075
109.05
109.016
109.032
109.034
109.08
108.987
109.094
109.009
109.143
108.987
108.896
109.028
109.058
108.956
108.902
109.086
109.035
109.121
109.047
109.087
109.131
109.047
109.014
109.034
109.079
109.144
108.915
108.98
109.137
108.915
108.899
109.062
109.031
109.041
109.051
109.056
108.903
108.938
109.036
109.074
109.036
108.991
108.999
109.034
109.008
109.071
109.132
108.959
109.034
109.029
109.122
109.113
109.066
109.083
109.075
109.105
109.054
109.081
109.051
109.182
109.031
109.129
109.046
109.078
109.177
109.094
109.107
109.137
109.113
109.114
109.077
109.155
109.033
109.144
109.091
109.08
109.138
109.124
109.209
109.103
109.172
109.171
109.141
109.088
108.942
109.215
109.051
109.115
109.065
109.052
109.169
109.138
109.087
109.115
109.131
109.135
109.13
109.076
109.126
109.148
108.992
109.062
109.141
109.041
109.18
109.195
109.209
109.076
109.155
109.087
109.157
109.223
109.075
109.198
109.056
109.121
109.07
109.101
109.109
109.158
109.191
109.147
109.16
109.143
109.076
109.049
109.059
109.127
109.122
109.035
109.137
109.11
109.179
109.108
109.129
109.026
109.124
109.108
108.747
108.979
109.026
109.142
109.134
109.166
109.12
109.139
109.035
109.088
109.06
109.109
109.076
109.132
109.042
109.163
109.077
109.137
109.06
109.15
109.067
108.875
109.026
109.085
109.101
109.023
109.003
109.084
108.904
109.091
109.028
109.065
109.037
109.018
109.056
109.069
109.069
108.963
109.06
108.962
109.093
109.056
109.062
109.116
109.13
109.082
109.189
109.098
109.041
109.192
109.074
109.055
109.122
109.135
109.068
109.059
109.076
109.0
108.887
109.068
109.12
109.073
109.018
109.107
109.015
109.074
108.945
109.11
108.969
109.133
109.006
109.126
109.098
109.082
109.04
109.098
109.076
109.098
109.058
109.12
109.073
109.108
109.102
109.105
109.063
109.059
109.095
109.01
109.124
109.087
109.031
108.943
109.043
109.009
109.146
109.062
109.071
109.1
109.016
109.07
109.078
109.011
108.959
109.081
108.932
109.035
109.014
109.144
108.991
109.083
109.129
109.161
109.087
109.066
109.069
109.113
109.023
109.117
108.756
109.099
109.139
109.07
109.074
109.068
109.175
109.033
109.068
109.076
109.111
109.121
109.097
109.068
109.078
109.182
109.105
108.956
109.121
109.034
109.155
109.124
108.983
109.145
109.088
109.04
109.028
109.104
109.048
109.083
109.033
108.991
108.909
109.047
109.181
109.1
109.055
108.963
109.09
109.152
109.097
109.06
109.086
109.009
109.08
109.1
106.29
108.978
109.029
109.045
109.114
109.029
109.09
109.003
109.09
109.043
109.095
109.115
109.103
109.025
109.068
109.047
109.076
108.888
109.117
109.15
109.015
109.233
109.17
109.136
109.045
109.099
109.105
109.15
108.934
109.12
109.095
109.203
109.038
109.069
109.04
109.083
109.1
109.053
109.037
109.047
109.087
109.143
108.993
109.112
109.084
109.153
109.101
109.071
109.044
109.125
109.065
108.996
109.118
109.151
109.074
109.088
109.076
109.124
108.892
109.09
109.124
109.081
109.075
109.069
109.092
109.113
108.991
109.055
109.057
109.129
109.061
109.166
109.121
109.129
109.113
109.047
109.099
109.108
109.161
109.058
109.075
109.032
108.907
109.129
109.118
109.135
109.168
109.027
109.05
109.079
109.081
109.14
109.135
109.092
109.029
109.037
109.036
109.091
109.1
109.083
106.461
109.115
109.015
109.028
109.099
109.108
109.104
109.129
109.099
109.037
109.09
109.119
106.293
109.029
109.062
109.09
109.051
109.11
109.034
109.111
109.117
109.214
109.047
109.099
109.054
109.102
109.131
109.137
109.052
108.915
109.03
109.073
109.058
109.142
109.174
109.124
109.073
108.948
109.014
109.123
109.106
109.104
109.036
109.067
109.014
109.126
109.103
109.099
109.119
109.104
108.983
108.599
109.086
109.045
109.047
109.051
109.054
109.023
109.03
109.119
109.009
109.076
108.848
109.089
109.181
109.143
109.082
109.051
109.089
109.157
109.103
109.074
109.018
109.122
109.124
109.089
109.013
105.417
109.1
109.103
109.024
109.1
109.151
109.151
109.124
109.09
109.046
108.731
106.166
108.999
109.058
109.193
109.111
109.126
109.078
109.054
109.083
109.124
108.944
109.053
109.076
109.112
109.01
108.971
109.062
106.08
109.055
109.094
109.044
109.063
109.091
109.036
109.109
109.142
109.109
109.074
109.101
109.173
109.062
109.023
109.057
109.077
109.059
109.124
109.024
109.109
109.071
109.14
108.556
108.996
109.04
109.136
109.102
109.067
108.975
108.919
109.053
109.057
108.975
108.967
109.102
109.041
109.142
109.09
109.107
109.003
109.09
109.071
109.102
109.074
109.131
109.089
109.171
109.092
108.923
109.113
109.024
109.112
108.974
109.015
109.089
109.026
109.053
109.129
109.054
108.965
109.062
108.926
109.021
109.017
108.877
109.027
108.887
108.99
108.958
109.17
109.096
109.145
109.08
109.076
109.092
109.036
109.052
109.03
108.095
109.102
109.115
109.123
109.034
109.024
109.005
109.099
109.009
109.084
109.123
109.096
109.099
108.978
109.09
109.145
109.01
109.09
106.2
109.09
109.11
109.107
109.046
109.101
109.087
109.109
109.056
109.068
109.107
109.089
109.017
109.058
109.19
109.121
109.152
109.126
109.157
109.113
109.113
109.048
109.05
109.145
109.129
109.01
109.07
109.113
109.116
108.915
109.095
109.109
109.105
109.14
109.157
109.084
109.185
109.051
109.075
109.185
109.089
109.137
109.079
109.119
109.169
109.051
109.099
109.13
109.065
109.148
109.066
109.114
109.097
109.154
109.11
109.11
109.116
109.153
109.045
109.088
109.064
109.17
109.115
109.123
109.199
108.981
109.193
109.21
109.036
109.079
109.186
109.107
109.133
109.092
109.082
109.252
109.156
109.061
109.153
109.018
109.132
109.075
109.062
109.02
109.208
109.149
109.036
109.066
109.104
109.095
109.098
109.092
109.04
109.145
109.12
109.082
109.093
109.181
109.066
109.097
109.085
109.202
109.158
109.107
109.065
109.112
109.021
109.047
109.064
109.083
109.165
109.179
108.946
109.139
109.149
109.142
109.119
109.07
109.208
109.107
109.051
109.082
109.086
109.024
109.165
109.092
109.151
109.116
109.114
109.071
109.148
109.106
109.201
109.025
109.114
109.128
109.1
109.115
109.137
108.927
109.194
109.101
109.156
108.387
109.217
109.0
109.17
109.173
106.113
109.129
109.186
109.095
109.168
109.157
109.187
105.725
107.771
109.145
109.159
109.172
109.169
109.163
109.146
109.162
109.255
109.171
109.098
109.084
109.189
109.202
109.212
109.148
109.136
109.173
109.066
109.19
109.192
109.143
109.087
103.462
109.136
109.181
109.229
109.201
109.176
109.142
109.206
109.051
109.062
109.25
109.278
109.251
109.227
107.738
109.283
109.186
109.111
109.254
109.148
109.251
109.193
109.244
109.242
109.091
109.194
109.189
109.218
109.287
109.138
109.162
109.129
109.178
109.278
109.158
109.196
109.112
109.2
109.112
109.204
109.182
109.197
109.204
109.231
109.054
109.107
109.218
109.147
109.194
109.273
109.118
109.015
101.768
109.216
109.204
109.176
109.149
109.149
109.208
109.21
109.228
109.26
106.387
109.208
109.136
109.178
109.033
109.189
109.217
109.218
109.203
109.261
109.148
109.193
109.218
109.087
109.064
103.848
109.286
109.241
109.234
109.195
109.226
109.226
109.212
109.115
109.177
109.106
109.137
109.156
109.151
109.206
109.239
109.161
109.285
109.297
109.198
109.155
109.235
109.157
109.25
109.223
109.278
109.058
109.247
109.106
109.206
109.25
109.286
109.18
109.191
109.219
109.118
109.128
109.197
109.262
109.192
109.151
107.957
109.114
109.2
109.22
109.182
109.223
109.171
109.152
109.12
109.192
109.19
109.157
109.166
109.216
109.173
108.696
109.107
109.161
109.234
109.169
109.225
109.267
109.186
109.225
109.174
109.178
109.104
109.231
109.252
109.116
109.212
109.163
109.113
109.249
109.237
109.218
109.21
109.218
109.262
109.178
109.194
109.097
109.075
109.315
109.271
109.249
109.236
109.217
109.258
109.165
109.234
109.251
109.244
109.239
109.214
109.176
109.232
109.197
109.2
109.255
109.176
109.152
109.24
109.178
109.071
109.204
109.211
109.272
109.219
109.3
109.192
109.194
109.239
109.23
109.253
109.157
109.196
109.141
109.139
109.182
109.155
109.133
109.154
109.257
109.202
109.233
109.206
109.285
109.249
109.213
109.221
109.194
109.22
109.253
109.23
109.226
109.199
109.244
109.258
109.215
109.211
109.083
109.128
109.244
109.139
109.162
109.208
109.109
109.199
109.151
109.23
109.133
109.199
109.067
109.199
109.191
109.209
109.229
109.187
108.996
109.064
109.136
109.064
108.997
109.125
109.064
109.182
109.016
109.145
109.074
109.115
109.151
109.068
109.085
109.138
109.11
109.152
109.128
109.117
109.134
109.196
109.104
109.096
109.185
109.125
109.107
109.115
109.145
109.064
109.091
109.125
109.153
109.158
109.061
109.078
109.141
109.176
109.122
109.053
109.114
109.204
109.127
109.128
109.04
109.142
109.102
109.132
109.099
109.078
109.212
109.127
109.149
109.062
109.121
109.133
109.082
109.147
109.156
109.159
109.105
109.093
109.17
109.184
109.117
109.146
109.07
109.117
109.101
109.136
109.109
109.196
109.027
109.154
109.028
109.115
109.194
109.103
109.156
109.068
109.063
109.158
109.146
109.047
109.103
109.136
109.081
109.182
109.134
109.161
109.098
109.121
109.096
109.156
109.218
109.103
109.117
109.096
109.043
109.205
109.024
109.08
109.143
109.111
108.996
109.122
109.048
109.095
109.189
109.126
109.096
109.076
109.16
109.071
109.09
109.121
109.019
109.101
108.999
109.123
109.103
109.158
109.133
108.982
109.182
109.095
109.015
109.129
109.134
109.088
109.061
109.106
109.066
109.165
109.085
109.079
109.12
109.084
108.992
109.074
109.142
109.165
109.15
109.161
109.177
109.223
109.134
109.129
109.094
109.017
109.09
109.13
109.074
109.06
109.127
109.044
109.108
109.116
109.067
109.158
109.061
103.117
109.138
109.061
109.198
108.956
109.147
108.984
109.115
109.032
109.134
108.563
109.091
109.185
109.133
109.157
109.029
109.062
109.014
109.09
109.123
109.033
108.99
109.125
109.166
109.078
109.099
109.113
109.093
109.032
109.028
109.014
109.127
109.133
109.096
109.136
109.057
108.979
109.118
109.2
109.14
109.118
109.147
109.096
109.121
109.01
108.981
109.099
109.085
108.949
109.112
109.118
109.119
109.089
109.166
109.098
109.121
109.109
109.059
109.105
109.154
109.12
109.125
109.118
109.102
109.031
109.086
109.098
109.146
109.099
109.065
109.192
109.154
109.182
109.131
109.166
109.16
109.007
109.092
109.168
109.139
109.106
109.164
109.115
109.059
109.15
109.175
109.047
109.096
109.046
109.111
109.117
109.105
109.101
109.075
109.199
109.076
109.152
109.125
109.106
109.16
109.11
109.006
109.034
109.105
109.032
109.041
109.067
109.119
109.036
109.114
109.157
109.088
109.056
109.058
109.181
109.062
109.114
109.041
109.202
109.035
109.055
109.062
109.03
109.145
109.149
109.059
109.041
109.168
109.042
108.941
109.087
109.082
109.019
109.098
108.977
109.096
109.075
109.098
109.194
109.162
109.084
109.0
109.018
109.083
109.078
109.043
109.057
108.965
109.037
109.15
109.087
109.041
109.119
109.101
109.107
109.131
109.137
109.043
109.13
108.895
109.065
109.033
109.098
109.154
109.029
109.061
109.053
109.005
109.043
109.041
109.129
109.041
109.133
108.854
109.125
109.054
109.127
109.118
108.873
109.122
109.086
109.038
108.975
109.103
109.099
109.022
109.171
109.16
109.167
109.056
109.165
109.187
109.108
108.962
109.184
108.99
109.069
109.039
108.801
109.024
109.037
109.137
109.084
109.085
109.013
109.166
109.06
109.081
109.086
109.059
109.059
109.11
109.093
109.103
109.017
109.224
109.101
109.121
109.068
109.077
109.116
109.064
109.132
109.1
109.054
109.166
109.004
109.082
109.065
108.987
109.112
108.971
109.106
109.05
109.114
109.139
109.119
109.045
109.073
109.17
109.146
109.185
109.182
109.081
109.085
109.056
108.947
109.069
109.083
109.126
109.05
109.132
109.123
109.098
109.047
108.997
102.823
108.961
109.158
109.01
109.157
109.002
109.057
109.127
109.089
109.121
109.063
109.112
109.094
109.071
109.092
109.168
109.149
109.091
109.096
109.012
109.078
109.12
109.087
109.164
109.132
108.991
109.122
109.152
109.115
109.071
108.946
108.994
109.096
109.052
109.055
109.078
109.105
108.946
108.966
109.067
109.054
109.174
109.16
109.163
109.069
109.025
109.083
109.095
109.129
109.161
109.122
109.073
109.155
109.144
109.101
109.127
109.103
109.137
109.139
109.133
109.128
109.069
109.129
109.175
109.148
109.142
109.132
109.036
108.894
109.099
109.035
109.127
109.078
109.12
109.18
109.045
109.128
109.233
109.22
109.13
109.011
109.087
109.092
109.145
109.109
109.101
109.121
109.142
109.17
109.083
109.163
109.122
109.002
109.161
109.091
109.067
109.169
109.042
109.146
109.163
109.114
109.018
109.148
109.082
109.143
109.069
109.111
109.13
109.05
109.103
109.099
109.211
109.137
109.132
109.135
109.112
109.093
109.115
109.107
107.803
109.14
109.136
109.115
109.007
109.044
109.084
109.195
109.159
109.104
109.16
109.08
109.188
109.135
109.07
109.094
109.125
109.041
109.094
109.06
109.13
109.102
109.127
109.093
109.129
109.16
109.185
109.101
109.112
109.111
109.134
109.23
109.148
109.148
109.152
109.13
109.075
109.085
109.137
109.093
109.09
109.189
109.164
109.185
109.121
109.157
107.785
109.174
109.067
109.186
109.013
109.028
109.023
109.041
109.1
109.205
109.116
109.079
109.109
109.064
109.099
109.03
109.155
109.174
109.178
109.075
109.109
109.085
101.954
109.168
109.119
109.109
109.146
109.188
109.209
106.644
109.124
109.036
109.115
109.091
108.958
109.138
109.13
109.106
109.158
105.782
109.103
109.06
109.02
109.101
108.98
109.177
109.03
109.016
109.148
108.896
109.13
109.077
106.396
109.181
109.126
109.043
109.15
109.094
109.144
109.01
109.125
109.054
109.06
109.056
109.074
109.167
109.094
109.15
109.01
109.114
108.92
109.077
109.08
109.175
109.127
109.168
109.18
109.204
109.019
109.008
109.127
109.053
109.187
109.1
109.122
109.117
107.248
109.113
109.213
109.12
109.089
109.112
109.182
109.111
109.055
109.133
109.154
109.105
109.124
109.054
109.112
109.156
109.106
109.186
109.083
109.123
109.164
109.126
109.104
109.184
109.093
109.136
109.126
109.09
109.18
109.124
109.138
109.15
109.131
109.054
108.973
109.125
109.176
109.075
109.106
109.152
109.107
109.017
108.956
108.993
109.212
109.113
109.187
109.133
109.177
109.084
109.164
109.146
109.227
109.115
109.107
109.197
109.137
109.071
109.092
109.159
109.176
107.277
109.139
109.069
109.187
109.055
109.09
109.138
105.138
109.175
109.111
109.115
109.144
109.136
109.224
109.179
109.185
109.095
109.191
109.164
109.042
109.08
109.138
109.041
109.21
109.031
109.173
109.168
109.14
109.123
109.163
109.137
109.105
109.169
109.135
109.102
109.196
109.217
109.192
109.12
109.013
109.181
109.205
109.175
109.193
109.198
109.051
109.247
109.139
109.156
109.165
109.101
109.177
109.181
109.108
109.051
109.056
109.025
109.137
109.151
109.085
106.476
109.099
109.189
109.099
109.186
109.138
109.125
109.17
109.043
109.087
109.187
109.148
109.245
109.183
109.102
109.134
106.304
109.177
109.151
109.134
109.121
108.965
109.126
109.108
109.215
109.137
109.137
109.076
109.181
109.164
109.188
109.133
109.168
109.103
109.184
109.121
109.079
109.042
109.157
109.162
109.088
109.147
109.147
109.14
109.147
109.118
109.135
105.171
109.121
109.17
109.164
109.142
109.14
109.155
109.118
109.184
109.198
109.189
109.119
109.2
109.121
109.081
109.174
109.16
109.06
109.143
109.189
109.063
109.134
109.131
109.146
109.15
109.163
109.206
109.124
109.265
109.108
109.126
109.042
109.214
109.099
108.951
109.124
109.112
109.125
109.23
106.71
109.099
109.139
109.167
109.208
109.176
109.034
109.153
106.798
109.245
109.212
105.528
109.204
109.109
109.208
109.09
109.078
109.255
109.23
109.157
102.309
109.114
109.134
108.966
109.233
109.022
109.074
109.151
109.149
109.128
109.11
109.144
109.089
109.155
109.18
109.143
109.14
109.124
109.182
109.146
109.089
109.173
108.839
109.084
109.145
106.951
109.066
109.147
109.21
109.124
109.018
109.16
109.084
109.154
109.101
109.102
109.207
109.123
109.103
109.123
109.186
109.229
109.225
109.165
109.079
109.197
109.16
109.096
109.105
109.115
109.01
109.14
109.149
109.12
109.202
109.163
109.117
108.915
109.15
109.065
109.082
109.14
109.054
109.129
106.187
109.164
109.146
109.059
109.094
109.086
109.21
109.148
109.118
109.185
109.169
109.124
109.038
109.104
109.15
109.094
109.12
109.2
109.126
109.119
109.176
109.094
109.169
109.165
109.068
109.043
109.115
109.176
109.093
109.103
109.102
109.113
109.218
109.092
109.07
109.118
109.17
109.142
109.183
109.158
109.054
109.132
109.186
109.03
109.243
109.115
109.139
108.986
109.151
109.127
109.098
109.183
109.113
109.002
109.194
109.034
109.131
109.221
109.072
109.09
109.155
109.106
109.099
109.066
109.089
109.041
109.187
109.121
109.121
109.209
109.089
109.102
109.112
109.053
109.129
109.143
109.078
109.101
109.233
108.982
109.105
109.226
109.119
109.152
109.114
109.162
109.133
109.111
109.084
109.122
109.211
106.377
109.125
109.142
109.153
108.967
109.121
109.035
109.144
101.21
109.179
109.182
109.022
109.222
109.114
109.089
109.083
109.128
106.496
109.116
109.15
109.119
108.981
109.119
109.116
109.147
109.197
109.153
109.068
109.198
109.24
109.107
109.143
109.128
109.136
109.082
109.219
109.183
108.929
109.211
109.115
109.093
109.068
109.151
109.156
109.002
109.204
109.142
109.139
109.165
109.139
109.108
109.164
109.097
109.228
109.222
109.094
109.144
109.032
109.174
109.231
109.005
109.12
109.098
109.129
109.187
109.119
109.146
109.189
109.092
109.267
109.144
109.1
109.139
109.143
109.099
109.168
109.147
109.114
109.153
109.205
109.185
109.192
109.145
109.087
109.137
109.167
109.087
109.141
109.134
109.141
109.17
109.159
109.18
109.138
109.12
109.128
109.137
109.127
109.126
109.141
109.179
109.152
109.18
109.155
109.209
109.155
109.209
108.778
108.986
109.026
109.206
109.054
109.142
109.177
109.131
109.154
109.152
109.119
109.201
109.093
109.185
109.143
109.131
109.196
109.17
109.105
109.101
109.057
109.166
109.071
109.059
109.109
109.17
109.074
109.06
108.964
109.166
109.129
109.166
109.139
109.193
109.209
109.212
109.059
109.154
109.175
109.13
109.108
109.087
109.113
109.066
109.209
109.247
109.176
109.173
109.116
109.153
109.145
109.229
109.212
109.139
109.12
109.099
109.199
109.135
109.144
109.002
109.228
109.23
109.13
109.171
109.178
109.098
109.036
109.164
109.155
109.187
109.14
109.159
109.179
109.205
109.205
109.126
109.194
109.215
109.151
109.169
109.236
109.227
109.065
108.966
109.134
109.156
109.169
109.196
109.222
109.259
109.198
109.163
109.209
109.158
109.168
109.138
109.15
109.236
109.149
109.295
109.156
109.243
109.23
109.232
109.215
109.205
109.228
109.225
109.139
109.149
109.217
109.265
109.145
109.22
109.205
109.275
109.271
109.225
109.138
109.243
109.249
109.295
109.275
109.219
109.191
109.275
109.149
109.154
109.227
109.186
109.268
109.191
109.249
109.195
109.191
109.219
109.21
109.025
109.146
109.221
109.131
109.132
109.135
109.261
109.158
109.163
109.206
109.184
109.238
109.296
109.179
109.079
109.17
109.154
109.163
109.22
109.253
109.158
109.181
109.203
109.205
109.193
109.276
109.159
109.119
109.244
109.236
109.236
109.253
109.206
109.226
109.262
109.207
109.032
109.19
109.237
109.211
109.156
109.215
109.104
109.188
109.228
109.181
109.247
109.171
109.263
109.145
108.319
109.25
109.287
109.209
109.18
109.175
109.22
109.035
109.216
109.284
109.284
109.152
109.245
109.268
109.144
109.183
109.222
109.195
109.226
109.216
109.13
109.191
109.234
109.141
109.253
109.166
109.219
109.244
109.181
109.261
109.296
109.237
109.27
109.134
109.131
109.293
109.238
109.261
109.276
109.29
109.239
109.287
109.151
109.01
109.285
109.243
109.317
109.153
109.216
109.211
109.186
109.289
109.271
109.192
109.25
109.267
109.189
109.039
109.257
109.228
109.284
109.224
109.187
109.246
109.215
109.205
109.216
109.218
109.268
109.218
109.285
109.255
109.243
109.232
109.258
109.305
109.266
109.278
109.237
109.164
109.192
109.231
109.176
109.262
109.157
109.143
109.299
109.26
109.253
109.231
109.225
109.089
109.199
109.185
109.132
109.278
109.214
109.204
109.184
109.152
109.215
109.192
109.183
109.211
109.191
109.012
109.152
109.214
109.25
109.206
109.277
109.207
109.225
109.214
109.137
109.285
109.174
109.274
109.199
109.212
109.156
109.279
109.182
109.24
109.246
109.145
109.246
108.987
109.192
109.198
109.176
109.162
109.104
109.203
109.248
109.231
109.315
109.227
109.274
109.201
109.156
109.347
109.266
109.244
109.297
109.147
109.201
109.226
109.138
109.239
109.208
109.223
109.224
109.142
109.227
109.167
109.281
109.107
109.08
109.157
109.38
109.221
109.17
109.325
109.217
109.257
109.173
109.224
109.294
109.206
109.229
109.199
109.263
109.193
109.216
109.03
109.198
109.223
109.046
109.177
109.142
109.198
109.251
109.227
109.193
109.216
109.193
109.145
109.209
109.17
109.109
109.203
109.125
109.288
109.163
109.245
109.171
109.21
109.189
109.229
109.188
109.266
109.171
109.103
109.238
109.21
109.267
109.223
109.251
109.214
109.232
109.228
109.234
109.241
109.104
109.213
109.215
109.2
109.091
109.137
109.276
109.272
109.273
109.265
109.199
109.162
109.176
109.22
109.259
108.952
108.98
109.194
109.213
109.242
109.12
109.251
109.182
109.177
109.173
109.249
109.298
109.279
109.232
109.244
109.157
109.201
109.215
109.244
109.243
109.206
109.148
109.231
109.274
109.149
109.17
109.197
109.129
109.212
109.172
109.277
109.282
109.137
109.231
109.245
109.192
109.213
109.232
109.261
109.228
109.265
109.24
109.012
109.278
109.206
109.258
109.209
109.051
109.259
109.197
109.217
109.303
109.197
109.154
109.18
109.311
109.178
109.306
109.186
109.163
109.238
109.253
109.344
109.216
109.188
109.227
109.283
109.137
109.252
109.168
109.324
109.219
109.221
109.175
109.328
109.21
109.187
109.038
109.168
109.079
109.223
109.284
109.257
109.178
109.158
109.23
109.143
109.226
109.256
109.283
109.201
109.322
109.24
109.204
109.198
109.248
109.327
109.226
109.231
109.203
109.209
109.21
109.084
109.247
109.239
109.174
109.326
109.207
109.207
109.281
109.285
109.131
109.19
109.211
109.316
109.246
109.169
109.218
109.25
109.221
107.983
109.29
109.177
109.204
109.256
109.239
109.028
109.271
109.166
109.144
109.232
109.146
109.191
109.235
109.196
109.253
109.275
109.187
109.33
109.264
109.25
109.264
109.237
108.773
109.204
109.305
105.703
109.255
109.181
109.284
109.151
109.259
109.234
109.161
109.155
109.231
109.205
109.209
109.283
109.223
109.146
109.164
109.315
109.112
109.202
109.243
109.194
109.159
109.252
109.23
109.242
109.09
109.239
109.238
109.203
109.173
109.219
109.221
109.088
109.211
109.211
109.233
109.221
109.207
109.191
109.263
109.207
109.118
109.256
109.24
108.73
109.218
109.193
109.188
109.193
109.249
109.195
109.159
109.258
109.21
109.254
109.181
109.238
109.27
109.247
109.201
109.271
109.247
108.399
109.22
109.242
109.148
109.183
109.227
109.206
109.246
109.184
109.267
109.153
109.128
109.192
109.342
109.078
105.939
109.227
109.254
109.226
109.155
109.311
109.251
109.21
109.19
109.226
109.144
109.166
109.172
109.238
109.317
109.287
109.277
109.209
109.254
106.248
109.122
109.17
109.139
109.276
109.231
109.167
109.29
109.161
109.201
109.259
109.172
109.156
109.202
109.208
109.247
109.251
109.046
109.046
109.145
109.203
109.164
109.2
109.167
109.252
109.176
109.223
109.254
109.14
101.26
109.204
109.23
109.242
109.285
109.199
109.233
106.965
109.142
109.231
109.225
109.23
109.267
109.208
109.167
109.282
109.211
109.192
109.247
109.17
109.197
109.269
109.199
109.204
109.195
109.206
109.262
109.262
109.262
109.221
109.215
109.219
109.281
109.208
109.196
109.179
109.191
109.253
109.292
109.28
109.282
109.091
109.153
109.187
109.214
109.262
109.299
109.159
109.24
109.283
109.235
109.19
109.26
109.103
109.202
109.179
109.276
109.27
109.227
109.19
109.256
109.143
109.205
109.193
109.26
109.252
109.302
109.24
109.198
109.26
109.31
109.207
109.18
103.156
107.971
109.304
109.344
109.218
109.269
109.253
109.291
109.274
109.168
109.2
109.23
109.259
109.275
100.795
109.192
109.177
109.176
102.987
109.18
109.328
109.217
109.288
109.255
109.283
109.079
109.224
109.218
109.234
109.209
109.271
109.246
109.206
109.242
109.259
109.281
109.189
109.182
109.213
109.2
109.23
109.368
109.158
109.229
109.218
109.23
109.242
109.289
109.224
109.202
106.409
109.163
104.412
108.548
109.219
109.188
109.18
109.193
109.145
109.179
109.179
108.262
109.222
109.218
109.334
109.172
109.277
109.186
109.252
109.151
109.24
109.297
109.259
109.268
109.294
108.559
109.207
109.255
109.25
109.22
109.207
109.221
109.173
109.247
108.995
109.192
109.26
109.263
109.186
109.261
109.195
109.254
109.226
108.673
109.189
109.187
109.13
109.219
109.238
109.186
109.197
109.182
109.225
109.205
109.254
109.197
109.159
109.144
109.271
109.201
109.167
109.242
109.208
109.235
109.181
109.256
109.211
109.252
109.208
109.284
109.237
109.284
109.232
109.202
109.232
109.244
109.251
109.232
109.235
106.194
109.296
109.286
109.238
109.152
109.169
109.283
109.185
109.229
109.302
109.205
109.172
109.235
106.221
109.191
109.123
109.098
109.222
109.322
109.211
109.275
109.094
109.249
109.004
109.316
109.293
109.242
109.008
109.271
109.188
109.225
109.268
109.269
109.138
109.232
109.265
106.466
109.324
109.198
109.072
109.074
109.211
109.207
109.201
109.263
109.324
109.179
109.341
109.338
109.258
109.264
109.266
109.167
109.244
109.209
109.253
109.26
109.235
109.266
109.21
105.325
109.112
109.184
109.154
109.3
108.975
109.285
109.044
109.257
109.292
109.172
109.218
109.242
109.245
109.218
109.251
109.124
109.23
109.266
109.261
109.243
109.24
109.198
109.274
109.263
109.253
109.183
109.304
109.277
109.062
109.229
106.955
109.143
109.303
109.133
109.171
109.289
109.252
109.075
109.209
109.223
109.207
109.165
109.276
109.154
109.312
109.246
109.288
109.224
109.237
109.247
109.336
109.256
109.139
109.238
109.214
109.227
109.195
109.113
109.183
109.247
109.206
109.219
109.266
109.17
109.242
106.387
109.26
109.178
109.285
109.252
109.247
109.259
109.24
109.223
109.233
109.229
109.219
109.241
108.413
109.318
109.359
109.229
109.328
109.326
109.279
109.31
109.222
105.383
109.221
109.245
109.263
109.232
109.269
109.237
109.263
106.261
109.26
109.246
109.249
109.233
109.285
109.213
109.102
109.256
109.294
109.276
109.181
109.23
109.251
109.11
109.262
109.237
107.591
109.249
109.242
109.209
109.211
109.098
109.252
109.257
109.226
109.103
109.21
109.306
109.264
109.179
109.232
103.767
109.216
109.234
109.279
109.202
109.21
109.341
109.124
109.229
109.163
106.34
105.403
109.254
109.268
109.261
109.201
109.277
109.176
109.212
109.183
109.288
109.279
109.303
109.233
109.26
109.156
109.232
109.232
109.288
109.137
109.253
109.256
109.291
109.159
109.187
109.221
109.234
109.111
109.129
109.212
109.224
109.173
109.238
109.197
109.298
109.295
109.208
109.23
102.688
109.244
109.191
109.16
109.06
109.286
109.226
109.298
109.248
109.236
109.2
109.246
109.292
105.953
109.286
109.226
109.232
109.268
109.171
109.25
109.104
109.295
109.273
109.265
109.171
109.244
108.816
109.187
109.198
109.22
109.264
109.143
109.158
109.183
109.174
109.216
109.206
109.209
109.174
109.244
109.275
109.086
109.176
109.267
109.194
109.21
109.29
109.152
109.161
109.215
109.096
109.177
109.153
109.193
109.243
109.221
109.146
109.249
109.235
109.217
109.145
109.24
109.271
109.198
109.279
109.193
109.275
109.212
109.283
109.201
109.237
109.266
109.242
109.222
109.227
109.23
109.182
109.266
109.307
109.274
109.235
109.158
109.193
109.152
109.118
109.089
109.148
109.131
109.122
108.983
109.144
109.154
109.219
109.162
109.17
109.231
109.204
107.474
109.204
109.164
109.24
109.233
109.128
109.276
109.241
109.164
109.203
109.173
109.104
109.029
109.155
109.211
109.151
109.102
109.223
109.128
109.167
109.157
109.254
109.083
109.237
107.458
105.963
106.281
109.086
109.129
109.077
109.184
109.133
109.185
109.234
109.151
109.209
109.186
109.179
109.182
106.926
109.219
109.215
109.215
109.274
109.184
109.193
109.192
109.178
109.002
105.665
109.184
109.238
102.88
109.061
109.122
109.161
109.254
109.171
109.151
107.365
109.123
109.177
109.182
109.177
109.23
109.186
109.121
109.13
109.208
109.029
109.194
109.138
109.255
109.056
109.21
109.231
109.15
109.105
109.172
109.112
109.105
109.218
109.152
109.177
106.518
109.126
109.214
108.966
109.245
109.062
107.387
109.153
109.221
109.168
109.157
108.992
109.164
107.66
107.17
109.259
109.186
109.164
109.171
109.219
109.221
109.155
108.913
109.055
109.158
109.181
109.157
109.238
109.159
109.103
107.458
109.172
109.094
109.2
109.053
109.221
109.303
109.047
106.949
109.19
109.092
109.165
109.148
109.261
109.176
109.178
109.213
109.211
108.903
106.216
109.21
109.127
109.275
109.13
109.196
102.276
109.226
109.069
109.114
109.199
109.094
109.15
109.199
107.024
109.081
109.142
109.278
109.137
109.229
109.119
109.186
109.144
109.147
109.156
109.246
109.136
109.241
109.198
107.01
109.186
109.276
109.221
109.107
109.203
106.994
108.9
109.228
109.091
109.211
109.203
109.185
109.156
109.198
109.238
109.17
109.138
106.865
109.327
109.22
109.161
109.15
109.114
109.116
107.283
109.233
109.141
107.228
109.216
109.176
109.152
109.203
109.108
102.89
109.222
109.157
109.17
107.164
106.959
109.125
109.055
107.255
109.256
109.211
109.205
109.198
109.205
109.174
109.082
109.26
109.093
109.211
109.029
106.149
109.252
109.204
109.096
109.048
109.121
109.214
109.179
109.257
109.107
109.148
109.15
107.03
109.114
109.062
109.126
109.236
104.786
109.135
109.247
109.101
109.164
109.262
109.174
109.239
109.206
109.193
109.152
109.226
109.154
109.151
109.269
109.066
109.177
109.203
109.233
107.307
109.121
109.189
109.121
109.117
109.094
109.122
109.163
109.169
109.103
109.153
109.201
109.263
109.189
109.151
109.129
109.26
109.153
109.135
109.215
109.238
109.107
109.009
109.161
109.167
109.237
109.162
109.321
106.21
109.14
109.185
109.207
106.962
109.132
109.223
109.125
109.164
109.148
106.976
109.06
109.174
109.251
109.164
106.503
109.199
109.233
109.205
109.068
109.238
107.191
106.977
109.14
109.186
109.25
109.12
109.248
109.201
106.688
109.204
109.137
109.279
109.265
105.399
109.102
109.119
109.187
109.225
109.13
109.206
108.537
109.084
109.161
109.197
109.2
109.075
109.11
109.124
105.235
109.113
109.03
109.251
104.347
109.252
109.091
105.39
107.334
109.141
109.208
109.251
109.252
109.182
109.091
109.042
109.225
109.135
109.177
109.065
109.177
109.277
109.127
109.163
109.256
109.18
109.213
103.404
109.226
107.344
109.202
109.165
109.151
109.291
109.187
109.196
109.228
109.165
109.204
109.2
109.215
109.209
109.173
109.181
109.216
109.164
109.194
107.29
109.168
109.239
109.22
109.155
109.197
109.194
107.233
107.268
109.177
109.206
109.08
109.235
109.204
109.199
109.215
109.161
109.209
109.149
109.212
109.171
104.387
109.264
109.21
109.243
109.208
109.154
109.032
109.16
109.134
109.165
109.124
109.113
109.127
101.11
109.114
109.159
109.065
109.042
109.205
109.184
109.167
101.991
109.196
109.185
109.177
107.03
109.129
109.17
109.242
107.157
109.063
109.05
109.106
108.917
109.023
108.971
103.926
109.188
109.119
109.058
109.063
109.264
109.252
109.182
109.267
109.198
109.216
109.077
109.192
109.151
109.03
109.158
109.243
109.227
109.296
109.213
109.157
109.178
109.202
106.858
105.425
109.166
109.182
109.082
109.153
109.151
109.235
109.226
108.964
109.124
109.091
109.229
109.173
107.087
109.283
109.085
109.11
109.135
109.214
109.196
109.209
109.276
105.934
107.2
109.156
109.258
109.2
109.094
109.26
109.204
109.142
109.216
109.175
109.151
109.132
109.059
109.163
109.246
109.207
109.116
109.131
109.14
106.689
109.174
109.139
109.207
109.127
107.374
109.147
109.201
109.033
109.114
109.133
109.217
102.525
109.219
107.326
109.19
109.168
109.088
109.181
109.153
109.112
109.282
108.619
109.094
109.071
109.255
107.364
109.122
109.19
109.189
109.247
109.15
109.087
109.258
109.258
109.121
109.214
109.122
109.193
109.212
109.091
109.144
109.144
109.144
109.267
108.726
109.196
109.109
109.161
109.136
101.21
109.172
109.141
109.09
109.185
109.219
109.219
104.013
104.013
104.013
109.189
109.189
109.121
109.121
109.234
109.162
109.196
109.277
109.258
109.312
109.252
109.138
109.229
109.222
109.099
108.972
109.156
109.179
109.161
107.54
109.207
109.178
109.137
109.209
109.209
109.292
109.149
109.174
109.201
109.217
109.245
109.206
109.188
107.899
109.066
109.196
109.123
109.155
109.209
109.142
109.116
109.089
109.079
109.246
106.591
109.215
108.832
109.185
109.189
108.998
109.028
109.145
109.161
109.235
109.184
109.213
109.2
109.226
109.182
109.182
109.144
109.16
109.227
109.227
109.134
102.059
102.059
109.075
109.124
109.083
109.178
109.251
109.223
109.185
109.245
107.504
109.22
109.193
109.214
109.214
109.145
109.248
109.248
107.503
109.229
109.151
109.203
109.086
109.188
107.535
107.361
109.084
109.084
104.833
104.833
109.146
107.398
107.398
109.122
109.19
108.323
109.208
109.208
109.208
109.208
107.186
109.244
109.147
109.121
109.145
109.164
107.892
109.189
106.018
109.16
100.889
109.232
109.194
109.175
109.171
109.039
109.163
109.239
109.071
109.228
109.263
109.218
109.156
106.107
102.487
109.174
109.179
109.24
109.219
109.054
108.594
108.715
109.203
109.2
109.207
109.17
109.178
107.532
109.213
109.017
109.132
109.184
109.204
109.155
109.164
103.994
109.096
109.236
109.19
109.158
109.116
109.242
109.193
109.166
109.186
109.189
109.206
109.125
109.242
109.155
109.24
109.142
109.188
109.068
109.128
108.465
109.127
109.132
109.223
109.212
109.146
109.118
109.095
109.143
109.143
109.186
109.191
109.123
109.251
109.179
109.115
109.115
109.072
109.161
109.176
108.961
109.117
106.53
107.154
108.99
108.005
109.228
109.258
109.13
109.259
109.158
109.154
109.176
109.096
109.148
109.129
108.145
109.158
109.117
109.156
109.143
109.124
109.201
109.158
109.118
109.222
109.241
109.223
109.243
109.232
109.226
109.195
109.195
109.165
109.189
109.237
109.276
109.094
101.358
109.123
109.143
109.266
109.087
109.18
109.142
109.144
109.144
109.222
109.172
109.214
109.201
109.216
109.251
109.254
109.127
109.234
109.249
109.227
109.225
109.225
109.288
109.164
109.179
105.656
106.209
109.05
107.399
109.262
109.212
109.201
109.213
109.215
109.175
108.084
109.244
109.143
109.252
109.263
109.255
109.255
109.212
109.149
109.053
109.061
109.148
109.201
109.161
109.274
109.25
109.199
109.23
109.233
109.188
109.143
109.16
108.97
109.251
109.244
109.182
109.181
109.236
109.172
107.839
109.244
109.059
109.07
109.218
109.141
109.176
109.22
109.162
109.178
109.092
109.152
109.269
109.189
107.201
109.056
109.171
109.112
109.044
107.497
109.249
109.229
109.227
109.216
108.887
107.244
109.177
109.178
109.193
108.992
109.229
109.189
109.213
109.213
109.115
109.187
109.243
109.28
109.22
109.196
109.156
109.043
109.186
109.178
109.237
109.168
107.459
107.379
109.194
109.215
109.159
109.164
108.775
106.816
108.396
103.957
109.216
109.074
109.206
109.261
109.228
101.477
109.139
109.119
109.219
109.095
109.154
109.154
109.031
109.103
109.139
109.295
109.32
109.181
109.177
109.19
109.183
109.209
109.21
109.187
109.146
109.176
109.07
109.234
103.238
109.114
108.876
104.541
108.613
109.254
109.254
109.184
109.156
109.175
109.175
109.217
109.222
109.171
109.133
109.261
109.143
109.177
109.199
109.221
109.208
108.995
109.228
109.2
109.168
109.187
109.182
109.147
109.137
109.142
107.477
109.069
109.177
109.187
109.264
109.197
109.195
109.136
109.199
109.229
109.208
109.273
109.012
109.248
109.286
109.112
109.077
109.152
109.264
109.207
109.262
108.962
109.129
109.199
109.148
109.121
109.237
109.025
109.136
109.225
109.194
109.204
109.149
109.224
109.21
109.179
109.179
109.202
109.171
109.159
109.18
109.231
109.184
105.703
109.208
109.178
109.145
109.145
109.169
109.2
109.247
108.987
107.338
109.183
109.154
109.154
108.904
109.179
109.125
109.202
108.925
109.103
109.039
109.195
109.156
109.148
109.241
109.191
109.167
109.192
109.134
109.232
109.232
109.186
109.142
109.142
109.107
109.159
109.194
109.169
109.159
109.212
109.12
109.202
109.153
102.327
109.245
109.148
109.148
109.24
108.978
109.164
109.177
109.151
109.127
109.124
109.035
109.189
109.25
109.191
104.494
107.026
109.238
109.183
109.183
109.185
109.195
109.289
109.28
109.212
109.304
109.192
109.149
109.176
107.457
109.2
109.104
109.182
101.33
109.232
109.255
109.202
109.088
109.277
107.46
109.103
107.469
109.172
108.882
109.154
109.21
109.279
109.153
109.217
109.157
109.169
109.257
109.17
109.161
109.12
109.138
109.215
109.239
109.178
109.06
109.212
109.24
109.194
109.297
109.228
109.105
109.12
109.202
109.212
109.256
109.153
109.176
109.218
109.198
109.175
108.975
109.249
109.249
109.221
109.181
109.181
109.181
109.109
109.21
109.228
102.769
102.769
109.164
109.203
109.166
109.102
101.123
108.058
109.265
109.209
109.155
109.165
109.213
107.146
109.19
109.179
109.186
109.186
109.061
109.19
109.007
109.166
109.213
109.201
109.176
109.261
109.159
109.195
109.227
109.264
109.276
109.05
109.206
109.234
109.126
109.1
109.075
109.14
109.214
108.926
109.185
109.178
109.237
109.257
109.165
109.25
107.51
109.119
109.236
109.188
109.132
109.171
109.168
109.138
109.171
109.193
109.121
107.412
109.14
109.081
109.142
108.944
109.106
109.135
109.135
109.135
107.434
109.234
109.251
107.336
109.274
109.224
109.084
109.218
104.7
109.176
109.216
104.467
109.21
109.169
109.174
109.179
109.203
109.097
109.057
105.37
109.073
109.171
109.189
109.156
109.207
109.09
107.017
109.113
109.147
109.17
109.13
109.186
101.517
109.225
109.271
109.18
109.125
109.202
109.14
109.223
109.238
109.214
109.241
109.188
109.132
109.048
103.488
109.029
109.22
109.127
107.098
109.089
109.156
109.279
109.235
105.747
109.16
109.233
109.108
109.13
109.243
107.381
109.193
109.203
109.187
107.414
109.198
109.23
109.153
109.129
109.115
109.196
106.905
107.202
109.02
109.148
109.172
106.766
106.884
109.201
109.101
109.163
109.286
109.165
106.654
106.132
109.195
107.273
109.169
109.18
107.417
109.226
109.143
109.132
109.181
109.235
109.159
109.151
105.309
109.045
109.185
109.287
109.116
109.199
109.23
103.971
109.16
109.146
108.985
105.805
107.633
109.111
109.08
102.534
109.214
107.394
109.15
106.974
109.229
107.459
109.089
107.058
109.164
109.171
109.189
109.206
109.211
104.946
104.946
109.145
109.202
109.165
109.258
109.248
109.224
109.216
109.163
109.181
107.544
109.226
109.235
107.081
109.144
109.155
107.307
109.199
109.184
109.225
109.163
109.193
108.588
103.95
106.909
109.184
109.244
109.204
109.26
109.178
109.127
109.23
109.268
109.138
109.173
109.28
109.185
106.254
108.975
109.186
109.179
109.248
101.31
109.146
109.144
109.164
109.151
109.237
109.187
109.149
109.156
109.18
109.153
109.187
109.129
109.061
109.134
109.118
107.289
107.133
109.154
109.069
109.145
109.09
109.085
109.248
109.112
109.203
109.364
109.067
109.237
107.341
109.175
109.177
109.175
109.175
109.124
109.194
109.187
109.136
109.123
109.251
109.178
109.154
109.193
109.117
109.136
109.142
109.129
109.188
109.167
109.252
108.944
109.198
107.169
108.303
109.176
109.216
109.237
107.312
109.167
109.245
109.192
105.791
109.245
109.211
109.11
109.159
109.159
109.142
109.126
109.204
109.243
109.212
107.138
109.136
109.198
109.176
109.224
109.167
109.26
103.965
109.113
109.154
107.256
108.978
106.897
109.213
109.181
109.26
109.085
109.142
109.011
109.224
107.67
107.331
109.178
109.105
109.135
109.169
107.192
106.167
108.965
109.149
109.156
109.149
109.154
109.2
107.543
109.205
109.278
109.108
109.163
109.132
109.253
109.125
109.242
109.207
109.183
109.162
109.112
109.223
109.149
109.21
109.174
109.261
109.228
109.239
109.246
104.08
109.214
109.197
109.256
107.252
107.367
109.234
109.187
109.188
109.183
109.166
102.206
109.193
109.143
109.159
109.23
106.418
109.118
109.224
109.117
107.225
109.282
109.21
109.135
109.165
109.022
109.126
109.208
104.808
109.208
109.183
109.229
109.201
109.192
109.1
109.16
109.181
109.177
109.125
109.198
108.325
109.247
109.229
109.024
109.151
109.202
109.243
109.231
109.169
109.215
109.097
108.955
109.106
109.218
109.054
109.155
109.164
109.152
109.179
109.247
109.142
109.154
109.201
109.253
109.14
109.31
109.045
109.239
106.778
109.192
109.211
109.2
109.281
109.174
109.231
107.358
102.086
106.8
109.166
109.196
109.231
109.241
108.987
109.203
109.201
109.244
109.189
109.177
109.23
109.201
107.367
109.181
109.027
109.119
109.207
109.212
109.167
109.163
109.19
109.135
109.195
109.191
104.653
109.205
109.253
109.104
109.187
107.335
109.128
109.131
109.103
109.086
109.252
109.194
103.897
109.21
109.211
109.097
109.23
109.201
109.221
109.222
105.308
109.171
109.102
109.136
109.181
109.131
109.08
109.126
109.176
107.881
109.207
109.213
109.22
109.151
109.235
109.217
109.265
109.217
109.143
109.254
103.983
109.178
109.164
109.224
109.191
109.154
104.689
109.225
109.226
109.155
109.285
105.39
107.474
109.138
109.158
109.164
109.108
109.092
105.949
109.06
109.185
109.149
109.221
109.23
109.182
109.182
109.166
108.989
109.245
109.118
109.177
102.863
109.169
109.075
109.177
107.588
107.061
109.177
109.182
108.944
105.158
109.242
109.167
103.606
103.606
109.225
109.152
109.023
109.222
109.271
109.147
109.253
109.207
101.434
109.234
109.153
107.104
109.032
109.068
106.952
109.075
109.182
107.345
102.071
109.134
109.145
109.185
109.184
107.241
104.776
109.178
109.149
109.173
109.168
104.507
109.196
109.109
109.123
109.079
109.191
109.181
107.402
109.258
109.178
109.105
109.181
109.17
109.146
109.211
109.213
109.141
109.152
109.19
109.105
109.012
109.122
109.136
109.181
109.132
109.174
109.278
109.169
109.235
109.107
109.195
109.146
109.133
107.026
109.177
107.326
106.52
109.045
109.184
109.228
107.102
109.156
109.214
109.149
109.08
109.219
109.06
109.251
107.133
109.174
109.12
109.175
109.244
109.052
109.129
109.223
106.775
109.069
109.146
102.33
109.233
108.96
109.009
109.172
109.086
109.166
109.15
109.062
109.117
109.091
109.045
101.363
109.078
109.263
106.861
105.452
109.057
101.927
109.044
109.2
109.158
109.185
109.091
109.139
102.994
108.765
109.08
109.185
109.139
109.229
109.148
108.939
107.14
109.156
109.201
105.8
109.232
109.198
109.231
109.225
104.792
109.034
109.268
109.223
109.145
109.16
109.164
107.216
109.182
109.16
109.149
107.27
103.02
109.171
109.165
109.144
109.073
109.194
109.169
109.192
109.233
109.23
109.219
109.114
109.235
109.174
103.231
109.199
109.252
109.2
109.138
109.087
109.052
108.993
109.13
109.095
109.226
109.05
109.245
103.486
103.486
103.486
109.173
102.901
109.194
109.134
107.203
109.22
109.193
109.321
109.211
109.096
109.232
109.176
109.208
109.204
109.256
107.265
104.032
109.186
109.141
106.263
109.232
109.224
109.184
109.137
109.044
109.131
109.042
109.113
109.071
107.358
109.184
109.245
108.975
109.14
109.043
109.172
109.157
109.239
109.187
109.232
109.093
109.135
109.135
109.2
109.114
109.098
109.223
109.2
109.19
109.234
109.211
109.242
109.175
109.229
107.603
109.289
109.19
109.225
109.153
108.962
109.222
109.104
109.213
109.134
109.211
109.166
106.862
109.205
109.214
109.175
109.187
109.134
109.089
107.416
109.233
109.172
109.28
108.965
107.226
109.148
107.289
109.153
109.241
109.275
109.187
107.402
107.551
109.199
107.369
109.194
108.949
106.936
109.24
109.178
109.125
109.143
103.496
102.187
109.165
109.139
108.947
109.168
109.153
109.21
109.19
109.211
109.214
109.224
109.282
109.274
106.466
109.173
109.223
109.095
106.048
109.138
107.298
109.173
109.154
103.329
107.489
109.193
109.272
109.193
108.981
109.24
109.19
106.066
108.069
109.223
109.17
101.349
109.206
109.218
109.114
109.192
108.966
106.797
109.197
109.235
103.255
109.198
109.219
109.087
109.126
109.185
109.17
109.18
109.143
102.665
109.174
109.133
107.236
109.167
109.202
107.417
109.235
109.141
108.938
109.24
109.19
109.244
109.215
109.066
109.175
109.091
104.157
109.17
109.236
109.182
109.12
109.192
109.223
109.176
109.173
109.193
109.119
109.285
109.301
109.269
107.496
109.183
109.188
109.226
109.159
109.093
109.197
109.22
109.182
109.194
109.144
109.121
109.175
109.213
109.003
109.219
109.174
109.1
109.203
109.174
109.206
109.181
109.162
109.217
109.151
107.227
102.94
109.21
105.119
105.119
109.263
109.159
109.083
109.171
109.171
109.158
109.149
109.239
109.161
109.159
109.161
109.167
109.19
105.113
109.225
109.25
109.241
109.153
109.214
109.179
102.05
109.156
109.163
109.158
109.167
109.187
109.236
109.149
109.185
109.171
109.212
109.08
109.16
109.146
109.183
107.803
109.108
109.255
109.201
107.215
109.241
109.21
109.195
109.231
109.209
109.163
109.119
109.247
106.622
109.199
109.216
109.168
109.184
109.21
103.977
109.21
109.228
108.953
109.205
109.115
109.188
109.127
109.163
109.141
109.107
109.222
107.564
109.188
107.968
109.164
109.161
109.175
109.11
109.256
109.171
109.206
109.218
109.146
109.197
109.144
108.977
109.189
109.236
109.139
109.134
109.251
109.162
109.169
109.196
109.175
109.147
109.125
109.146
109.16
109.222
109.081
109.024
109.164
109.146
109.206
109.236
109.354
109.139
109.101
109.133
109.192
105.054
109.201
107.207
107.308
109.026
109.267
109.176
109.128
109.194
109.196
109.212
109.155
109.2
108.958
109.111
109.231
109.182
109.18
109.252
105.152
109.119
109.187
109.244
109.157
109.097
109.185
109.199
109.204
109.156
109.074
109.164
107.926
109.251
109.16
109.044
109.241
109.193
109.153
109.152
109.239
109.143
109.2
109.248
109.114
107.054
109.237
109.231
109.18
109.181
104.326
109.199
109.192
101.276
109.191
109.183
105.574
109.179
109.323
109.194
109.149
109.17
109.189
109.241
109.177
109.18
107.979
107.122
109.172
109.129
109.16
109.112
109.256
109.086
109.259
107.375
109.279
109.19
109.19
109.264
109.211
109.196
107.348
109.164
109.195
109.269
109.143
109.21
107.376
107.404
109.199
109.164
109.126
107.006
109.125
109.058
109.142
109.182
109.204
109.155
108.991
109.234
108.973
109.109
109.184
109.12
109.17
109.151
109.238
107.339
109.193
109.144
108.065
109.152
109.211
109.21
109.225
109.158
109.243
109.163
109.059
109.194
106.327
109.23
106.85
109.182
109.182
109.182
109.138
109.19
109.244
108.6
109.222
109.166
109.036
109.212
109.212
109.179
109.109
105.56
109.178
109.183
109.211
109.268
109.29
109.17
109.181
109.158
104.823
109.213
109.183
109.223
109.262
107.244
107.168
109.163
109.085
109.145
109.271
107.563
109.026
100.788
109.235
101.219
109.196
104.672
109.166
109.169
106.154
109.155
109.252
109.277
109.215
109.032
109.245
109.148
109.201
109.209
109.2
109.125
109.191
109.161
109.215
109.166
109.256
109.261
109.214
101.198
109.052
107.526
109.19
109.234
109.169
109.151
109.243
109.095
109.128
109.18
109.195
109.075
109.231
109.188
109.155
109.206
109.213
109.208
109.239
109.11
109.238
109.229
109.222
109.239
107.296
109.223
109.228
109.198
109.238
107.229
107.437
109.269
107.372
107.279
109.187
109.221
109.121
109.137
109.215
103.25
109.343
109.212
109.221
109.23
109.252
109.106
109.139
109.231
107.452
109.154
109.104
109.156
106.166
109.119
109.214
103.26
109.241
109.135
109.102
109.205
109.158
109.237
109.18
109.136
109.17
109.225
109.051
109.246
109.212
109.247
109.082
109.245
109.168
109.203
107.505
109.18
109.16
109.182
109.2
109.15
109.21
102.815
109.117
109.276
109.29
109.201
109.195
109.208
109.217
109.191
106.215
109.159
109.199
109.124
109.248
109.167
109.104
109.262
109.241
109.195
109.139
109.169
107.331
109.231
109.269
109.1
107.258
109.093
109.16
109.214
102.124
109.116
109.221
109.135
106.58
109.111
104.792
109.138
109.181
109.285
109.208
109.186
109.188
107.247
109.24
109.206
109.156
109.206
109.238
109.183
108.684
109.218
109.164
109.209
109.073
109.186
106.079
109.213
109.201
109.159
109.221
107.159
109.175
107.244
109.192
109.178
109.304
109.244
109.183
109.139
109.195
109.189
109.182
109.219
109.147
107.216
109.137
109.045
109.202
109.179
109.261
109.261
101.461
109.199
109.178
109.255
109.152
109.109
107.485
101.291
107.32
109.204
109.208
105.182
109.182
107.288
109.286
109.177
105.055
107.619
109.169
109.214
109.02
109.181
103.994
109.157
109.215
109.184
109.115
107.357
107.012
109.247
109.119
109.143
109.255
108.884
104.488
109.219
109.159
109.102
109.211
109.189
109.262
109.146
106.442
109.246
109.166
109.219
109.069
109.185
109.201
109.127
109.234
109.168
109.109
108.999
109.173
109.102
109.138
109.23
109.075
109.125
109.185
109.156
109.241
109.241
109.133
109.1
107.122
109.144
107.136
109.138
109.204
109.206
109.124
109.154
109.198
103.98
109.185
109.168
109.191
109.268
109.136
109.245
109.225
109.308
109.217
109.272
109.207
109.242
109.138
109.236
102.343
109.171
106.879
109.268
104.963
109.147
109.169
109.269
109.174
109.065
109.145
109.253
109.202
106.917
109.118
102.226
109.25
109.232
109.181
109.131
109.19
109.184
109.184
109.236
109.268
109.204
109.243
109.264
109.258
109.182
107.067
109.164
106.967
109.173
109.103
109.218
109.188
109.13
109.193
109.221
109.24
107.44
109.233
106.234
109.178
109.171
109.184
109.189
109.259
109.183
109.19
109.248
109.242
109.239
109.236
109.177
107.437
109.277
109.186
109.212
109.093
109.196
109.16
100.844
109.153
109.213
109.232
109.229
109.114
109.018
109.089
109.189
109.207
109.144
109.161
109.128
109.193
108.979
109.147
109.116
109.173
103.978
109.194
109.16
109.058
109.187
109.182
109.204
109.201
109.103
109.157
109.243
109.167
106.413
106.413
109.2
109.165
109.284
109.211
109.18
109.155
109.021
109.2
109.166
109.163
109.219
109.033
109.087
109.181
109.214
106.96
109.197
109.224
109.071
109.216
109.117
109.173
109.206
107.222
109.225
109.149
106.99
109.241
109.165
104.828
106.239
109.289
109.226
102.101
109.178
109.166
109.143
109.138
109.232
107.343
109.258
109.257
109.223
109.198
109.215
109.047
109.229
109.198
104.458
104.458
104.261
109.128
109.247
109.068
109.196
109.217
109.167
109.127
109.167
102.167
109.234
109.24
109.211
109.131
101.422
107.14
109.238
107.312
106.235
109.18
109.221
109.129
102.02
109.194
109.173
107.127
109.206
109.148
109.209
109.128
109.232
109.17
109.121
109.252
108.991
109.202
109.233
109.157
109.151
109.176
109.219
109.198
109.199
109.199
109.226
109.162
109.245
109.065
109.149
109.123
109.086
109.223
109.181
107.046
109.147
109.092
107.405
109.243
109.183
109.215
109.258
107.265
109.191
109.127
109.146
109.144
109.248
109.238
109.172
109.208
109.229
109.154
109.133
109.218
109.137
109.255
106.305
109.186
109.192
109.232
109.182
109.213
109.178
109.154
103.813
109.107
109.193
109.202
109.096
109.202
109.182
109.289
109.124
109.125
109.254
109.088
109.108
109.302
107.276
109.176
109.178
109.172
106.526
109.199
109.112
107.386
107.227
107.462
109.231
109.227
109.212
109.212
102.446
107.385
106.899
109.175
109.195
109.118
109.195
109.155
109.17
109.228
107.073
109.087
107.027
109.226
109.239
107.209
109.192
109.236
108.951
109.172
105.724
109.246
109.177
109.099
109.24
107.187
109.168
109.149
109.153
109.182
107.174
109.267
109.147
109.112
109.15
109.244
109.11
109.244
109.215
109.117
107.368
109.238
104.679
109.165
109.174
109.175
109.219
109.208
109.149
109.263
106.069
106.19
109.27
109.266
109.223
109.067
108.249
109.157
109.192
109.141
109.172
109.22
102.743
107.376
109.12
109.224
109.094
109.118
109.25
109.249
109.144
109.253
109.102
109.133
109.176
107.944
109.087
109.189
107.17
109.195
109.246
109.139
109.22
109.304
109.106
109.249
109.181
109.142
109.176
109.195
109.163
109.285
109.266
109.163
109.186
109.191
109.154
109.179
109.215
109.198
109.19
109.092
109.215
109.206
109.196
109.163
109.276
109.15
109.304
109.194
107.257
109.204
109.246
105.478
109.138
109.198
109.037
108.671
109.184
109.099
109.18
109.309
109.172
109.166
109.123
109.194
109.111
109.107
103.845
109.2
109.138
109.19
109.197
107.647
109.236
109.173
109.121
109.276
103.591
107.353
109.206
109.108
109.125
109.12
109.231
109.175
109.172
109.166
109.263
109.254
109.136
109.139
109.113
109.069
109.181
109.177
109.1
107.707
109.235
109.235
109.018
107.564
109.238
109.187
109.176
109.12
109.191
109.135
107.208
109.202
109.171
109.084
109.175
109.19
109.259
109.249
109.19
109.132
109.257
109.205
101.269
109.228
107.214
109.242
105.132
109.215
101.075
101.075
107.748
109.222
109.241
109.059
109.25
109.067
109.074
109.061
109.15
109.25
109.236
109.236
109.175
109.194
109.271
109.274
109.179
102.629
109.165
109.165
109.165
109.147
107.555
105.141
109.3
109.198
109.242
109.2
107.437
107.64
109.259
109.196
109.161
109.163
109.163
109.219
109.125
109.244
109.213
109.155
109.268
109.161
109.173
109.173
109.236
109.218
109.223
109.168
109.252
109.306
109.068
109.229
109.139
109.224
109.236
109.185
109.201
109.237
109.222
109.222
109.158
109.197
109.237
109.08
105.286
108.978
109.179
109.178
109.165
109.128
109.097
109.228
109.216
109.15
109.202
109.126
109.101
109.101
109.101
109.22
109.22
109.158
109.172
109.172
103.644
109.206
109.249
109.218
109.216
109.206
109.08
108.978
109.222
109.095
109.261
109.167
109.167
109.127
109.145
106.225
106.225
106.225
106.225
109.253
109.262
109.224
109.224
109.252
109.252
109.273
109.273
109.246
109.243
109.243
107.487
109.203
109.205
106.926
109.214
108.085
109.257
109.104
107.844
109.074
109.174
109.18
109.262
109.219
109.137
109.137
109.109
109.27
107.722
109.232
105.03
109.217
109.212
106.205
106.205
106.205
109.255
107.66
109.105
107.84
106.252
109.219
109.134
109.155
109.173
109.173
109.158
109.246
109.229
109.241
109.241
109.187
107.554
109.08
109.234
109.229
109.246
109.063
109.063
109.063
109.215
109.247
109.247
109.102
109.102
109.211
109.188
109.188
109.188
109.216
109.165
109.267
109.208
109.208
109.261
109.25
109.25
109.178
109.178
109.142
109.219
109.182
109.189
109.189
109.155
109.24
109.224
109.217
109.217
109.237
109.137
109.137
107.492
107.492
107.492
109.211
109.263
109.231
109.188
107.577
109.173
109.326
109.073
107.02
109.216
109.325
109.236
109.325
109.165
109.248
109.172
109.203
109.262
107.31
107.482
109.186
109.209
109.237
109.218
108.258
109.224
109.23
109.23
109.205
109.213
109.078
109.257
109.169
109.243
109.243
109.113
109.085
109.233
109.23
109.263
106.898
109.184
109.301
109.252
109.191
109.239
109.205
109.23
108.982
109.286
109.106
109.11
109.217
109.142
109.127
102.625
109.286
109.224
109.153
109.156
109.224
109.102
104.249
109.275
109.159
109.284
109.197
109.194
109.125
109.187
109.235
109.138
109.138
109.151
109.164
109.168
109.168
109.168
109.268
109.247
109.123
109.18
109.23
109.258
101.529
109.224
109.192
109.178
109.211
109.188
109.15
109.157
109.157
106.998
109.209
109.182
109.271
109.204
109.136
109.249
109.255
109.128
109.243
109.209
109.24
109.222
109.222
109.08
109.211
107.395
109.134
109.109
109.259
109.178
109.267
109.232
109.212
109.306
109.153
109.157
109.165
107.206
109.188
109.223
109.137
109.178
109.194
109.21
109.281
109.19
108.958
109.238
109.234
109.221
109.263
109.194
109.204
109.186
107.987
107.987
102.77
109.175
109.23
109.072
109.175
109.259
109.182
109.235
109.166
109.261
109.152
109.152
109.213
106.246
109.271
109.293
109.173
106.391
109.285
109.278
101.911
109.203
109.197
107.396
109.146
109.234
109.128
109.269
109.206
109.183
109.198
105.785
109.271
101.368
109.266
109.168
109.284
109.193
109.213
107.703
109.172
109.275
109.23
109.158
109.246
109.246
109.166
109.138
109.236
109.204
107.531
109.256
109.209
109.208
107.462
109.211
109.236
107.907
107.499
109.232
109.103
109.257
109.214
109.229
109.193
109.141
109.17
109.214
109.247
109.196
109.233
102.014
109.196
109.161
106.71
106.71
108.453
109.21
109.21
109.302
109.209
109.209
109.251
109.151
109.151
109.305
109.196
109.203
109.183
109.217
109.232
109.093
109.105
109.22
109.258
101.274
101.588
107.576
108.538
109.236
109.236
109.204
108.258
109.064
109.261
109.251
109.226
109.094
109.352
109.179
107.644
109.212
109.166
107.862
109.165
109.165
106.166
106.166
106.166
109.135
109.197
109.133
109.161
109.216
109.182
109.258
109.154
109.253
109.071
109.211
109.254
109.237
109.206
107.736
101.237
109.166
109.224
109.191
109.154
109.184
109.185
109.222
109.131
109.204
109.138
109.232
109.198
109.087
109.168
109.214
109.1
109.151
109.164
109.168
109.141
109.274
106.528
109.247
109.165
109.157
109.235
109.309
109.22
109.291
109.227
109.285
109.201
107.327
109.259
107.46
109.259
109.115
109.227
109.22
109.134
109.154
109.019
109.191
109.106
109.272
109.172
109.21
109.264
109.266
109.094
109.171
109.204
109.132
101.385
109.214
109.164
109.174
109.174
109.176
109.184
109.258
109.229
109.259
109.053
108.206
109.223
109.127
109.191
109.191
109.201
109.233
109.252
109.295
107.622
107.475
109.222
109.277
109.149
109.169
109.192
109.14
109.102
109.211
109.18
109.137
109.156
109.267
109.205
108.055
108.055
109.177
109.328
109.237
108.954
109.204
109.204
109.187
109.206
109.148
109.169
109.149
109.199
109.18
109.179
109.201
109.215
109.254
109.139
109.272
108.049
106.131
109.189
109.15
109.26
109.161
109.088
109.101
109.217
109.161
109.172
109.185
109.226
107.569
107.464
109.266
107.455
109.215
107.687
109.179
109.207
109.151
109.113
109.113
109.094
109.297
109.234
109.203
109.17
109.17
109.1
109.12
109.192
104.532
109.187
109.233
102.611
109.267
109.169
109.202
109.188
109.188
109.188
109.188
109.187
109.187
109.198
109.23
109.229
109.192
109.247
109.242
109.208
109.155
109.302
109.222
108.519
109.197
103.435
109.206
109.206
109.151
109.293
109.31
109.131
109.107
109.247
109.103
109.259
109.188
109.186
109.186
109.335
109.256
109.269
104.949
109.202
109.263
109.143
109.11
109.18
109.291
109.25
109.215
109.281
109.281
109.191
109.191
109.133
109.256
109.235
109.189
105.645
101.162
107.53
109.136
109.26
109.219
109.239
109.25
109.225
107.299
109.097
109.225
109.172
109.259
109.132
109.109
109.293
109.069
109.26
109.213
109.238
109.166
109.206
109.226
109.257
109.108
109.174
109.209
109.12
109.278
102.123
109.234
109.216
109.174
109.117
100.905
109.287
109.287
109.241
109.243
109.211
109.185
109.185
109.192
109.188
109.194
109.217
109.204
109.255
109.152
109.128
109.196
109.23
109.202
109.177
109.197
109.222
109.18
109.269
109.308
109.144
109.245
108.015
109.209
109.155
107.708
104.944
109.229
109.2
101.532
109.092
109.23
109.077
109.264
109.13
107.125
109.225
109.217
105.554
107.649
109.169
109.162
107.082
109.217
101.284
109.33
109.202
109.103
109.139
109.326
109.215
109.227
105.618
109.187
109.261
106.593
109.067
109.179
109.238
109.165
109.273
103.825
106.208
109.268
109.189
109.185
109.219
109.231
109.125
105.782
109.201
109.231
109.266
109.162
109.132
105.058
109.222
109.09
107.53
109.136
109.204
109.281
109.266
109.178
109.127
109.118
108.812
102.129
109.18
109.045
109.155
109.174
109.284
109.251
107.603
109.169
109.118
109.209
109.19
107.09
107.323
109.155
109.198
109.263
109.1
109.247
109.215
109.177
109.291
109.139
109.158
109.259
109.222
106.645
109.156
109.214
109.302
109.173
109.231
109.231
103.411
108.018
109.145
109.01
109.175
107.033
109.228
109.331
105.658
109.178
109.194
109.152
109.194
106.089
107.489
109.148
109.243
109.148
109.071
106.61
106.952
109.246
109.208
109.201
109.062
109.255
109.048
109.186
109.29
109.167
103.465
106.641
107.46
109.116
109.112
107.387
107.14
109.153
109.157
109.15
109.142
109.049
109.127
109.209
109.145
109.231
109.124
109.132
109.239
109.188
109.17
109.223
109.176
109.22
109.151
109.326
109.247
106.941
109.16
109.224
109.218
109.074
109.055
109.222
109.156
109.196
109.177
109.182
109.188
109.123
109.209
109.201
109.243
109.082
109.262
109.25
109.206
109.21
109.197
104.349
109.205
109.202
109.179
109.082
109.252
109.224
109.256
109.167
109.306
109.231
109.183
109.191
109.226
109.221
109.196
108.952
108.947
109.24
109.178
109.244
109.217
109.198
109.175
109.229
109.207
109.122
109.212
109.231
109.237
109.161
109.199
105.927
109.271
109.289
109.208
109.213
109.196
109.181
109.138
109.1
109.214
109.183
109.252
109.235
109.227
109.187
109.044
109.279
109.248
109.313
109.323
109.217
109.222
109.115
109.14
109.284
109.221
109.248
109.305
109.267
109.281
109.177
109.288
109.269
109.213
109.286
109.217
109.26
109.248
109.26
109.309
109.251
109.277
109.179
109.242
109.163
109.198
109.327
109.22
108.864
109.175
109.216
109.186
109.246
108.22
109.19
109.254
109.174
109.262
109.262
109.206
109.245
109.197
109.116
109.23
109.251
109.218
109.282
109.248
108.999
109.313
109.245
109.232
109.28
109.232
109.193
109.215
109.259
109.218
109.292
109.088
109.262
109.29
109.256
109.23
109.368
109.303
109.268
109.296
109.287
109.26
109.179
109.203
109.247
109.277
109.259
109.235
109.335
109.248
109.229
109.191
109.285
109.275
109.212
109.339
109.247
109.304
109.226
109.273
109.287
109.263
109.232
109.247
109.162
109.248
109.228
109.142
109.202
109.328
109.159
109.233
109.249
109.226
109.256
109.164
109.229
109.342
109.358
109.361
109.356
109.239
109.147
109.313
109.322
109.36
109.314
109.322
109.265
109.225
109.278
109.266
109.243
109.301
109.298
109.267
108.404
109.298
109.29
109.288
109.317
109.274
109.257
109.306
109.117
109.224
109.176
109.239
109.352
109.309
109.208
109.29
109.323
109.312
109.38
109.319
109.205
109.33
109.132
109.213
109.275
109.306
109.131
109.274
109.245
109.239
109.19
109.154
109.365
109.316
109.225
109.355
109.309
109.242
109.105
109.336
109.136
109.284
109.209
109.271
109.168
109.049
109.178
109.2
109.297
109.254
109.275
109.126
109.296
109.163
109.273
109.228
109.272
109.243
109.155
109.189
109.257
109.287
109.275
109.133
109.255
109.208
109.208
109.219
109.261
109.184
104.646
109.284
109.267
109.165
109.271
109.248
109.274
109.112
109.256
109.039
109.161
109.187
109.32
109.185
109.233
109.191
109.258
109.192
109.168
105.671
109.227
109.25
109.284
109.255
109.244
109.232
104.363
109.196
109.293
109.274
109.279
109.096
109.257
109.227
109.189
109.239
109.261
109.203
109.159
109.189
109.225
109.237
109.212
109.224
109.206
109.267
109.22
109.271
109.238
109.154
109.167
109.255
109.218
109.178
109.18
109.236
109.215
109.192
109.239
109.231
109.255
109.243
109.213
109.213
109.25
104.432
109.229
109.137
109.036
109.292
109.261
109.118
109.25
109.189
109.226
109.204
109.158
109.261
109.284
109.243
109.18
109.305
109.261
109.295
109.215
109.283
109.312
109.182
109.235
109.239
109.218
109.319
109.25
109.183
109.212
109.352
109.267
109.238
109.133
109.229
109.133
109.082
109.213
109.264
109.323
109.223
109.25
109.206
109.187
109.171
109.258
109.232
109.24
109.196
109.224
109.227
109.276
109.252
109.227
109.138
109.25
109.249
109.333
109.231
109.227
109.131
109.308
109.204
109.199
109.269
109.278
109.284
109.214
109.229
109.165
109.297
109.067
109.278
109.259
109.232
109.203
109.252
109.133
109.215
109.217
109.248
109.209
109.373
109.245
109.231
109.12
109.131
109.172
109.147
109.279
109.258
109.263
109.292
109.23
109.243
109.17
109.225
109.061
109.115
109.221
109.129
109.225
109.327
109.187
109.247
109.176
109.271
109.239
109.242
109.252
109.265
109.166
109.271
109.201
109.226
109.233
109.319
109.176
109.202
109.285
109.15
109.236
109.254
109.186
109.05
109.23
109.277
109.108
109.22
109.228
109.246
109.295
109.233
109.23
104.779
109.189
109.198
109.201
109.046
109.25
109.2
109.311
109.241
109.246
109.276
109.315
109.294
109.265
109.187
109.127
109.25
109.276
109.311
109.303
109.333
109.205
109.186
109.257
109.321
109.244
109.276
109.2
109.271
109.258
104.879
109.273
109.227
109.189
109.282
109.295
109.292
109.207
109.284
109.101
109.272
109.252
109.319
109.296
109.25
109.226
109.234
109.242
109.217
109.185
109.166
109.209
109.22
109.162
109.233
109.223
109.237
109.278
109.185
109.232
109.264
109.186
109.168
109.257
109.258
109.258
109.164
106.312
109.257
109.113
109.117
109.231
109.172
109.121
109.059
109.196
109.159
109.145
109.188
109.287
109.194
109.179
109.187
109.067
109.189
109.288
109.156
109.199
109.267
109.034
109.194
109.154
107.189
106.31
109.191
109.227
109.319
109.251
109.28
109.271
109.25
109.205
109.247
109.221
109.231
109.299
109.307
109.339
109.245
109.277
109.266
109.318
109.247
109.215
109.288
109.152
109.183
109.214
109.272
109.047
108.972
109.23
109.105
109.284
109.279
109.326
109.314
109.21
109.257
109.212
109.261
109.186
109.28
109.236
109.142
109.192
109.237
109.236
109.298
109.139
109.17
102.867
109.268
109.08
109.209
109.111
109.257
109.24
109.183
109.157
109.284
109.216
109.293
109.21
109.25
109.229
107.082
109.302
109.237
109.266
109.221
109.039
109.327
109.06
109.184
109.259
109.219
109.175
109.291
109.145
109.173
109.178
109.218
109.238
109.224
109.188
109.247
109.339
109.248
109.225
109.259
106.509
109.186
109.303
109.256
109.145
109.265
109.255
109.26
107.486
109.125
104.949
109.143
109.248
109.219
109.166
109.417
109.176
109.114
109.25
109.126
109.124
109.247
109.053
109.2
109.209
109.07
109.102
109.301
109.219
109.348
109.221
109.259
109.173
109.15
109.227
109.12
109.275
109.299
109.299
106.077
109.178
109.023
109.215
109.166
109.227
109.201
109.211
109.236
109.216
109.299
105.75
109.252
109.21
109.216
109.214
109.3
109.151
109.147
109.199
109.22
109.225
109.01
109.122
109.268
109.132
109.088
109.229
109.225
109.245
109.275
109.208
109.279
109.239
109.226
109.24
109.028
109.109
109.187
109.304
109.264
109.191
109.282
109.228
109.242
109.359
109.192
109.241
109.272
109.328
106.253
109.231
109.198
109.252
109.284
109.193
109.315
109.271
109.276
109.393
109.269
109.249
104.883
105.048
109.122
109.223
109.074
109.246
109.225
109.224
109.121
109.253
109.262
109.276
109.213
109.211
109.274
109.219
109.198
109.199
109.189
109.23
109.238
109.261
109.277
109.239
109.319
109.161
109.221
109.168
109.196
109.094
109.186
109.273
109.147
109.186
109.301
109.229
109.281
109.157
109.157
109.165
109.19
106.101
109.252
109.128
109.039
109.178
109.185
109.22
109.217
109.371
109.198
109.216
109.153
109.242
109.242
109.165
109.142
109.19
109.23
109.272
109.164
109.262
109.226
109.247
109.259
109.252
109.172
109.004
109.23
109.227
109.241
109.233
109.198
109.186
109.191
109.157
109.19
109.169
109.205
109.032
109.27
109.178
109.233
109.179
109.174
109.273
109.233
109.214
109.273
109.214
109.16
109.136
109.134
109.225
109.095
109.09
109.203
109.198
109.21
109.34
109.209
109.23
109.265
109.239
109.202
109.251
109.268
109.245
109.022
109.284
109.258
109.24
109.232
109.196
109.193
109.193
109.169
109.279
109.208
109.161
109.301
109.285
109.224
109.279
109.268
109.232
109.155
109.198
106.304
109.226
109.28
109.296
109.183
109.251
109.271
106.09
109.171
109.156
109.165
109.141
109.247
106.316
109.257
109.249
109.314
109.049
109.171
109.355
109.074
109.059
109.168
109.177
109.148
109.278
109.289
109.282
109.158
109.182
109.124
109.285
109.228
109.221
109.162
109.228
109.206
109.084
109.144
109.221
109.209
109.156
109.206
109.299
109.197
109.204
109.217
108.988
109.316
109.191
109.18
109.145
106.648
109.172
109.201
109.076
109.28
109.192
109.222
109.21
109.13
109.2
109.255
109.234
109.114
109.256
109.103
109.194
109.079
109.19
109.137
109.183
109.173
109.225
109.156
109.272
109.192
109.146
109.28
108.901
109.219
106.077
109.228
109.215
109.233
109.224
109.186
109.145
109.285
109.186
109.153
109.17
108.711
109.112
109.274
109.298
109.291
109.182
109.237
109.262
109.326
109.316
109.212
109.277
109.134
109.188
109.213
109.25
109.312
109.195
109.26
109.133
109.121
109.206
109.172
109.227
109.166
109.312
109.238
109.255
109.369
109.288
109.254
109.129
109.26
109.247
109.212
109.278
109.247
109.271
109.178
109.229
109.065
109.215
106.962
109.154
109.223
109.146
109.284
109.264
109.237
109.232
109.317
109.265
109.227
109.241
109.225
109.211
109.178
109.209
109.252
109.194
109.302
109.139
109.044
109.261
109.036
109.153
109.283
109.265
109.178
109.289
109.221
109.252
109.187
109.193
109.137
109.239
109.266
109.18
108.545
109.227
109.195
109.127
109.229
109.174
109.266
109.192
109.294
109.201
109.29
109.193
109.187
109.19
109.214
109.292
109.156
109.099
109.245
109.225
109.192
109.248
109.238
109.184
109.298
109.087
109.171
109.19
109.268
109.245
109.278
109.293
109.265
109.192
109.305
109.275
109.092
109.253
109.28
109.225
109.305
109.214
109.225
109.248
109.284
109.259
109.26
109.245
109.234
109.246
109.104
109.27
109.274
109.237
109.281
109.234
109.25
108.803
109.178
109.243
109.106
109.205
109.205
109.217
109.251
109.304
109.327
109.211
109.142
109.263
100.927
109.252
109.394
109.27
109.158
109.334
109.179
109.14
109.263
109.158
109.213
109.192
109.305
109.233
109.363
109.225
109.225
109.257
109.211
109.287
109.262
109.208
109.296
109.264
101.145
109.276
109.215
109.271
109.234
109.273
109.288
109.294
109.29
109.274
109.299
109.146
109.303
109.226
109.092
105.549
103.867
109.255
109.104
109.049
109.289
109.262
109.268
109.194
109.197
109.135
108.986
109.263
109.255
109.317
109.236
109.256
109.23
109.277
109.266
109.178
109.279
109.127
109.289
109.168
109.251
108.822
109.203
109.286
109.274
106.391
109.229
109.281
107.483
109.335
109.251
109.094
109.142
109.269
109.38
109.251
109.356
109.371
109.327
109.359
109.333
109.267
109.335
109.368
104.749
109.341
109.482
109.298
109.257
109.391
109.373
109.136
109.387
109.335
109.402
109.265
109.341
109.31
109.44
109.41
109.412
109.359
109.377
109.38
109.409
109.46
109.374
109.287
109.365
109.366
109.34
109.374
109.393
109.32
109.417
109.306
109.368
109.379
109.331
109.386
109.21
109.407
109.4
109.317
109.36
109.434
109.329
109.296
109.469
109.354
109.322
109.403
109.305
109.347
109.381
109.349
109.42
109.357
109.455
109.378
109.393
109.315
106.481
109.361
109.341
109.34
109.332
109.331
109.421
109.374
109.344
109.318
109.353
109.309
109.364
109.416
109.279
109.311
109.397
109.328
109.405
109.284
109.359
109.422
109.325
109.328
109.212
109.44
109.369
109.361
109.356
109.322
109.39
109.437
109.408
109.477
109.444
109.373
109.33
109.43
109.346
109.393
109.332
109.322
109.312
107.292
109.325
109.348
109.406
109.347
109.204
109.332
109.363
109.407
109.374
109.49
109.381
109.423
109.396
109.321
109.498
109.452
109.349
109.37
109.383
109.39
109.305
109.456
109.344
109.326
109.196
109.403
109.445
109.389
109.354
109.255
109.375
109.354
109.397
109.444
109.219
109.432
109.369
109.315
109.352
109.334
109.416
109.343
109.346
109.418
109.404
109.408
109.44
109.356
109.275
109.435
109.368
109.224
109.434
109.423
109.384
109.412
109.386
109.331
109.296
109.302
109.387
109.414
109.397
109.374
109.238
109.313
109.348
109.321
109.313
109.29
109.346
109.102
109.306
109.379
109.24
109.303
109.359
109.276
109.398
109.245
109.322
109.258
109.321
109.393
109.345
104.764
109.434
109.413
109.331
109.411
109.44
109.471
109.298
104.315
109.243
109.381
109.307
109.32
109.373
109.28
109.342
109.334
109.265
109.267
109.305
109.487
109.302
109.379
109.472
109.361
109.342
109.389
109.426
109.296
109.277
109.34
109.326
109.286
109.3
109.266
109.343
109.293
109.248
104.505
109.396
109.336
109.379
109.116
109.284
109.324
109.344
109.384
109.318
109.339
109.358
109.22
109.352
109.318
109.432
109.31
109.259
109.376
109.217
109.406
109.318
109.351
109.428
109.371
109.35
109.356
109.384
109.354
109.267
109.35
109.292
109.297
109.275
109.44
109.298
109.362
109.242
109.341
109.331
109.337
109.36
109.299
109.236
109.423
109.282
109.344
109.296
109.308
109.384
109.257
109.288
109.413
109.176
109.265
109.295
109.309
109.348
109.3
109.337
109.285
109.275
109.375
109.278
109.38
109.205
109.371
109.354
109.369
109.346
109.306
109.318
106.33
109.148
109.319
109.364
109.198
109.308
109.229
109.308
109.258
109.28
109.318
109.371
109.377
109.373
109.341
109.336
109.297
109.317
109.362
109.295
109.242
109.398
109.303
109.22
109.359
109.212
109.301
109.415
109.318
109.342
109.269
109.363
109.255
109.372
109.334
109.395
109.306
109.24
109.345
109.297
109.341
109.333
109.367
109.354
109.375
109.266
109.335
109.241
109.187
109.272
109.453
109.381
109.334
109.311
109.269
109.344
109.154
109.342
109.349
109.324
109.32
109.202
109.32
109.299
109.3
109.316
109.457
109.328
109.4
109.334
109.354
109.317
109.359
109.345
109.336
109.242
109.33
109.448
109.318
109.336
109.301
109.391
109.27
109.316
109.355
109.263
109.364
109.295
109.281
109.332
109.364
109.366
109.325
109.293
109.435
109.328
109.341
109.329
109.378
109.423
109.3
109.342
109.351
109.361
109.35
109.295
109.232
109.225
109.297
109.329
109.334
109.335
109.371
109.289
109.235
109.415
109.208
109.334
109.302
109.402
109.334
109.368
109.236
109.375
109.392
109.316
109.304
109.344
109.287
109.375
109.332
109.294
109.33
109.312
107.599
109.346
109.338
109.332
109.375
109.361
109.342
109.376
109.279
109.334
109.31
109.278
109.341
109.359
109.357
109.341
109.323
109.406
109.394
109.401
109.337
109.337
109.338
109.246
109.325
109.309
109.322
109.248
109.304
109.343
109.258
109.28
109.368
109.32
109.295
109.416
109.349
109.346
109.266
109.344
109.302
109.28
109.418
109.418
109.31
109.145
109.343
109.293
109.456
109.237
109.35
109.402
109.313
109.364
109.165
106.217
109.343
109.416
109.238
109.323
109.297
109.401
109.207
109.133
109.237
109.346
109.311
109.362
109.301
109.35
109.346
109.378
109.353
109.306
109.458
109.323
109.357
109.325
109.302
109.343
109.373
104.468
109.424
109.318
109.382
109.352
109.345
109.293
109.057
109.331
109.458
109.285
109.309
109.341
109.385
109.336
109.374
109.167
109.352
109.338
109.316
109.359
109.351
109.369
109.374
109.262
109.363
109.333
109.379
109.399
109.203
109.42
109.295
109.302
109.449
109.348
109.319
109.318
109.472
109.323
109.382
109.326
109.389
109.37
109.287
109.4
109.342
109.334
109.392
109.211
109.43
109.347
109.095
109.369
109.315
109.277
109.421
109.318
109.376
109.333
109.32
109.316
109.321
109.363
109.367
109.328
109.328
109.398
109.398
109.398
109.398
109.398
109.398
109.398
109.242
109.242
109.242
109.242
109.372
109.34
109.229
109.325
109.347
109.4
109.268
109.297
109.307
109.451
109.387
109.342
109.417
109.268
109.395
109.386
109.318
109.333
109.336
109.266
109.334
109.409
109.363
109.203
109.339
109.31
109.422
109.362
109.328
109.27
109.341
109.3
109.384
109.289
109.446
109.393
109.286
109.318
109.16
109.383
109.43
109.399
109.349
109.397
109.342
109.252
109.279
109.338
109.417
109.353
109.347
109.334
109.36
109.36
109.355
109.398
109.365
109.348
109.421
109.341
109.358
109.359
109.408
109.363
109.382
109.454
109.402
109.375
109.392
109.381
109.311
109.346
109.418
109.451
109.397
109.408
109.392
109.39
109.342
109.359
109.333
109.415
109.401
109.384
109.446
109.41
106.615
109.358
109.394
109.427
109.354
109.446
109.343
109.383
109.443
109.429
109.374
109.266
109.319
109.337
109.45
109.449
109.352
109.315
109.403
109.412
109.387
109.386
109.39
109.294
109.349
109.383
109.343
109.352
109.426
109.368
109.357
109.086
109.332
109.321
109.378
109.367
106.044
109.313
104.728
109.425
109.468
109.39
109.425
109.395
109.399
109.495
109.378
109.312
109.411
109.409
109.377
109.344
109.267
109.345
109.402
109.341
109.425
109.424
109.39
109.372
109.274
109.393
109.353
109.457
109.34
109.459
109.366
109.297
109.406
109.409
109.379
109.464
109.39
109.259
109.397
109.402
109.402
109.426
109.383
109.358
109.427
109.383
109.444
109.388
109.391
109.335
109.359
107.318
109.44
109.406
109.422
109.272
109.324
109.421
109.373
109.384
109.469
109.357
109.393
109.326
109.341
109.338
109.45
109.372
109.443
109.367
109.345
109.408
109.404
109.414
109.403
109.389
109.321
109.342
109.431
109.382
109.372
109.383
109.346
109.386
109.343
109.366
109.47
109.448
109.328
109.396
109.421
109.327
109.39
109.261
109.378
109.356
109.3
109.412
109.313
109.348
109.315
109.374
109.417
109.466
109.347
109.323
109.388
109.386
109.307
109.418
109.447
109.432
109.251
109.311
109.263
109.47
109.432
109.368
109.371
109.379
109.224
109.292
109.412
109.428
109.377
106.389
109.377
109.361
109.381
109.401
109.424
109.366
109.191
109.326
105.304
109.304
109.347
109.409
109.349
109.267
109.245
109.232
109.401
109.294
109.303
109.355
109.472
109.35
109.352
109.241
109.38
109.216
109.475
109.295
109.389
109.35
109.35
109.357
109.372
109.409
109.352
109.43
109.373
109.371
109.397
109.386
109.389
109.346
109.402
106.322
109.308
109.278
109.382
109.286
109.353
109.36
109.298
109.19
109.33
109.379
109.395
109.429
109.269
109.371
109.195
109.298
109.334
109.296
109.387
109.277
109.338
109.36
109.34
109.334
109.404
109.351
109.404
109.293
109.427
109.3
109.337
109.439
109.24
109.436
109.42
109.415
109.21
109.358
109.345
109.238
109.377
103.731
109.351
109.297
109.294
109.391
109.317
109.299
109.375
109.389
109.387
109.38
109.282
109.453
109.341
109.342
109.33
107.438
109.423
109.196
109.364
109.371
109.301
109.306
109.302
109.315
109.417
109.386
109.393
109.461
109.332
106.447
109.462
109.339
109.316
109.24
109.293
109.266
109.428
109.305
109.314
106.39
109.333
109.31
109.384
109.337
109.326
109.337
109.42
109.292
109.37
109.198
109.358
109.348
109.358
109.321
109.356
109.213
109.471
109.353
109.365
109.321
109.369
109.473
109.354
109.329
109.228
109.322
109.399
109.384
109.259
109.36
109.353
109.406
109.362
109.173
109.336
109.33
109.335
